# Format <LP ID> <Group ID> <Router ID> <Busy time per router port(s)># Router ports in the order: 8 local channels, 4 global channels 

 8 0 0 0.000000 359595.893289 202030.707478 0.000000 0.000000 0.000000 0.000000 9775.287450 0.000000 0.000000 0.000000 0.000000
 17 0 1 278031.173971 0.000000 295514.755226 168473.329602 0.000000 0.000000 0.000000 0.000000 705157.566100 0.000000 0.000000 0.000000
 26 0 2 211505.750101 312092.122285 0.000000 186909.559583 183725.650352 0.000000 0.000000 39701.558227 18928.084720 0.000000 0.000000 0.000000
 35 0 3 0.000000 316694.923355 205132.745000 0.000000 233385.880152 163061.913863 300.425315 490.103245 0.000000 0.000000 0.000000 0.000000
 44 0 4 2883.212630 590784.262775 217944.243572 280185.239484 0.000000 210450.424078 175424.483840 4995.634178 0.000000 0.000000 0.000000 0.000000
 53 0 5 406.547871 524745.906579 0.000000 208327.308042 289053.592599 0.000000 177994.035732 179342.898497 0.000000 0.000000 0.000000 0.000000
 62 0 6 0.000000 458997.251423 0.000000 0.000000 165977.811247 184322.050658 0.000000 299531.539149 0.000000 0.000000 0.000000 0.000000
 71 0 7 0.000000 187455.460216 42953.269493 0.000000 0.000000 174432.284674 284621.335266 0.000000 0.000000 0.000000 0.000000 0.000000
 80 1 0 0.000000 3615.005575 20201.606307 10842.188722 10508.844872 9253.969870 15218.091112 24290.601597 1086821.380199 0.000000 0.000000 0.000000
 89 1 1 237491.348384 0.000000 338909.348793 202949.087009 1798.807239 543.599080 1245.489897 1247.454102 2443.022899 3481.400463 1927.496295 1442.630900
 98 1 2 380000.280806 292811.748429 0.000000 346751.749026 203043.780347 2612.304880 1498.997205 3928.639181 559318.146003 2302.583470 1231.944174 2773.941689
 107 1 3 347133.844816 187854.927978 345183.272788 0.000000 194371.232924 167959.938270 1259.369606 13815.286101 44892.849879 0.000000 0.000000 0.000000
 116 1 4 393634.148320 1492.967926 328036.186027 214960.249447 0.000000 273927.407396 197163.800715 13902.161325 3330.834817 2504.630149 0.000000 2158.579826
 125 1 5 654923.017326 2556.848418 254373.405010 213615.629532 308088.150565 0.000000 272492.907663 160339.570967 3289.302212 2098.547009 2080.221996 2353.505361
 134 1 6 219570.665006 1531.190908 321627.261009 1507.188969 213724.693893 264865.070819 0.000000 166353.473362 6838.672126 1939.953646 0.000000 1851.690831
 143 1 7 193180.541838 1650.409269 262001.993452 112890.086791 1495.336084 197806.532203 191776.788335 0.000000 3413.096810 0.000000 0.000000 0.000000
 152 2 0 0.000000 374337.412007 8323.458507 102854.975063 36004.473222 2380.514864 8961.768973 8621.007224 30910.370313 4403.211779 0.000000 0.000000
 161 2 1 393586.481109 0.000000 5584.965244 36173.716382 11657.587739 9426.419415 36800.411975 29025.272298 1019290.139077 0.000000 0.000000 0.000000
 170 2 2 1638.587429 288458.442719 0.000000 337483.961786 202806.569792 1176.346771 1310.577948 1148.432191 0.000000 3150.266409 457.366937 0.000000
 179 2 3 3606.285017 391012.254089 320498.598111 0.000000 343894.062430 189701.109663 4756.159665 2897.354760 371108.419361 1349.854110 0.000000 0.000000
 188 2 4 3625.392532 376711.433407 206559.445070 341285.707014 0.000000 215843.127547 201982.398282 7951.558022 55556.489520 0.000000 0.000000 0.000000
 197 2 5 1543.595860 425930.990329 2507.673397 296755.607772 224877.935337 0.000000 255815.489698 202202.771591 4262.264698 0.000000 671.183355 524.766244
 206 2 6 1981.850800 478660.917845 3810.300808 319394.075558 187982.749099 290883.718243 0.000000 265395.311797 19144.876167 0.000000 971.033790 2740.337452
 215 2 7 2023.102226 227670.391580 4470.226038 156667.549560 104265.133230 278576.746053 288164.568169 0.000000 11734.989319 0.000000 0.000000 0.000000
 224 3 0 0.000000 277123.560743 362647.996850 2605.249385 105158.628487 17510.502172 5186.914618 16522.407381 3409.390253 10822.149892 0.000000 1348.132501
 233 3 1 400045.066958 0.000000 533936.007798 3054.944803 126932.544859 2967.184923 1143.739891 5991.488430 7005.756681 2981.948436 0.000000 0.000000
 242 3 2 206506.336239 347010.087102 0.000000 1054.821964 86691.946667 1635.416322 6632.073484 20862.837445 1056407.087539 0.000000 0.000000 0.000000
 251 3 3 1128.213230 1768.119831 401243.524440 0.000000 318881.207243 243603.163228 936.548394 1488.058489 0.000000 0.000000 0.000000 0.000000
 260 3 4 1468.264044 4494.398511 486975.127995 321277.866900 0.000000 290918.884777 187482.773176 1243.394062 355142.820549 0.000000 0.000000 0.000000
 269 3 5 1554.310080 1016.855007 468857.949436 187543.247451 318755.500962 0.000000 180702.620392 265457.600443 10038.786456 0.000000 0.000000 0.000000
 278 3 6 2919.473665 2919.565308 521408.675481 2784.924624 345713.115598 237637.122365 0.000000 273997.579207 15489.443316 0.000000 0.000000 0.000000
 287 3 7 1558.507867 1284.842142 341175.341768 2888.173507 215906.969212 225876.758371 314941.686959 0.000000 40279.989671 0.000000 0.000000 0.000000
 296 4 0 0.000000 205187.016954 191491.810551 455807.913772 799.846990 213804.030439 8997.594952 9113.807189 2732.953210 4412.210330 0.000000 0.000000
 305 4 1 226903.742368 0.000000 241884.915938 374670.756872 1007.355149 248670.217399 4613.291401 6663.015784 2871.874911 4119.123302 0.000000 0.000000
 314 4 2 274441.998800 316269.650566 0.000000 349709.201494 1382.443260 291885.140120 2181.629404 2746.868449 8150.216941 4696.989027 0.000000 0.000000
 323 4 3 33320.034025 256172.636447 330346.644661 0.000000 5273.643146 127974.979154 2262.692570 2525.273423 920548.662896 0.000000 0.000000 0.000000
 332 4 4 1421.663886 1424.743125 2021.587604 243261.758259 0.000000 308668.276957 207610.799019 1035.116101 0.000000 0.000000 0.000000 0.000000
 341 4 5 4368.797806 7321.509535 3566.038949 415544.291499 296565.161976 0.000000 295827.544973 201885.960862 588367.717917 2599.455263 0.000000 0.000000
 350 4 6 1827.256823 1319.948202 1605.059646 448544.355976 214807.160090 384190.563701 0.000000 282510.744449 15230.467328 0.000000 0.000000 0.000000
 359 4 7 3322.078009 1187.020807 2265.741874 345468.261905 4498.033250 285193.924017 227746.179664 0.000000 10319.650501 0.000000 0.000000 0.000000
 368 5 0 0.000000 281951.291009 176253.102393 87393.729331 353361.456035 1674.559547 291159.380912 12801.801363 4320.333796 2667.326867 0.000000 0.000000
 377 5 1 311192.795942 0.000000 184861.914419 168435.308914 421204.092646 2113.825413 394236.434957 6282.119307 3953.949453 1595.531821 0.000000 0.000000
 386 5 2 200820.880186 208215.300290 0.000000 283238.867771 329715.013939 1801.603712 476786.066838 1702.989430 4590.395637 2941.191413 0.000000 0.000000
 395 5 3 15438.811245 173876.673475 282031.346799 0.000000 287643.308357 0.000000 367440.348994 1975.682769 21255.391758 0.000000 0.000000 0.000000
 404 5 4 12625.184938 39390.034605 224522.782960 314453.623841 0.000000 566.483531 240768.524240 4758.476593 755891.348954 0.000000 0.000000 0.000000
 413 5 5 1200.238577 1644.105036 1474.503915 1412.322767 235677.493925 0.000000 278520.502185 193183.487010 2113.220001 2239.049939 2266.814236 706.009293
 422 5 6 16165.387450 18979.372202 1628.477761 3622.251905 206738.151829 260357.334674 0.000000 304611.795555 752153.835351 0.000000 1487.549567 2047.404251
 431 5 7 3797.686801 743.276432 1715.310972 1887.219505 230127.436818 196461.509615 308854.168003 0.000000 16434.390952 0.000000 0.000000 0.000000
 440 6 0 0.000000 270870.087647 188073.350221 1390.146008 132662.202858 342100.544884 373245.475336 1720330.389830 0.000000 1320207.066235 0.000000 0.000000
 449 6 1 284302.317216 0.000000 226782.474433 176832.092293 453.921163 518767.925321 146821.416265 53380.580703 0.000000 4611.462266 0.000000 0.000000
 458 6 2 178976.440498 253797.639465 0.000000 179471.801621 177832.554456 431591.093923 111438.702942 44990.195441 0.000000 6763.416398 0.000000 0.000000
 467 6 3 11036.111891 172074.079162 164470.597372 0.000000 241724.240151 275900.891687 159727.301803 50820.024958 0.000000 0.000000 0.000000 0.000000
 476 6 4 19619.585339 764.055341 195834.208820 307741.899434 0.000000 266537.491790 131857.637506 73082.047747 101026.436997 0.000000 0.000000 0.000000
 485 6 5 7638.814953 7115.376034 3323.635039 222842.956055 313563.440809 0.000000 165154.020820 86175.219828 684924.788049 0.000000 0.000000 0.000000
 494 6 6 508146.679507 180.628775 0.000000 0.000000 0.000000 833.774417 0.000000 3170896.181861 0.000000 0.000000 0.000000 0.000000
 503 6 7 1328256.192614 1496.510741 2116.116084 0.000000 0.000000 6130.886625 2912812.030412 0.000000 1068600.774375 0.000000 0.000000 0.000000
 512 7 0 0.000000 3058711.949647 1670337.405741 133818.646115 1312816.830105 359498.560090 2526865.825966 208902.083113 0.000000 3636867.441819 0.000000 0.000000
 521 7 1 3073253.505640 0.000000 2737836.229625 958007.116411 124527.513715 358222.925202 2062428.789176 322309.986756 0.000000 4108559.401950 0.000000 0.000000
 530 7 2 1925657.376231 3072551.411612 0.000000 3140009.448139 153019.634025 103782.438986 2866610.996932 385059.501449 0.000000 1815946.816230 0.000000 0.000000
 539 7 3 315367.221516 2234765.052802 3198287.535308 0.000000 1574564.624083 88495.665156 2806122.628248 126274.476031 0.000000 0.000000 0.000000 0.000000
 548 7 4 2155761.803034 1815410.635776 1008195.785692 1632119.999585 0.000000 2381214.557906 2067528.425944 1572202.341634 0.000000 0.000000 0.000000 0.000000
 557 7 5 2599377.737477 2940969.178873 116457.194618 55313.397635 2291005.064738 0.000000 2741607.703538 1701774.878309 0.000000 0.000000 0.000000 0.000000
 566 7 6 2663422.779275 3325890.236451 187155.188454 181552.289470 927490.554767 2387690.224253 0.000000 2347320.976014 3592197.894162 0.000000 0.000000 0.000000
 575 7 7 2722773.954905 2952891.839853 1826466.646878 0.000000 1769215.530934 1623526.946428 2715286.544173 0.000000 0.000000 0.000000 0.000000 0.000000
 584 8 0 0.000000 1797738.873505 2033388.607326 16946.549440 2781.320497 22435.260009 1142976.837169 2524836.187010 0.000000 0.000000 0.000000 0.000000
 593 8 1 1824080.881228 0.000000 2877171.672148 1024700.600898 167983.044209 1648367.570733 2039865.473877 2338787.031889 0.000000 3889501.340284 0.000000 0.000000
 602 8 2 559113.391364 3347172.485182 0.000000 2137720.260926 1562561.997493 284391.256789 1545363.767598 2108353.262105 0.000000 2619376.272330 0.000000 0.000000
 611 8 3 207443.872078 3499861.472124 3015712.119893 0.000000 3280498.284206 57501.270379 606849.101918 2669775.729167 0.000000 0.000000 0.000000 0.000000
 620 8 4 150688.122906 1485071.210539 2135208.568518 3035368.486783 0.000000 1535611.376205 1297801.574507 1373607.250172 0.000000 0.000000 0.000000 0.000000
 629 8 5 61243.481624 2109590.959472 1686783.628594 38940.289369 1854450.697749 0.000000 4082858.559437 3227751.853833 0.000000 0.000000 0.000000 0.000000
 638 8 6 235603.320755 4327032.104344 1026929.703063 144172.695402 285356.538364 4210507.803597 0.000000 3275101.858838 2012564.850783 0.000000 0.000000 0.000000
 647 8 7 584938.699119 3763584.973367 152189.334933 172300.621137 139210.153661 783228.351445 3610186.170861 0.000000 3625955.214210 0.000000 0.000000 0.000000
 656 9 0 0.000000 2333464.965444 251968.366242 904781.148773 783590.790948 344917.522943 291182.858372 2946409.679375 0.000000 4290569.900869 0.000000 0.000000
 665 9 1 4754882.317002 0.000000 4353907.841234 727235.241496 864513.342568 474.437529 334.238257 2376759.333220 0.000000 0.000000 0.000000 0.000000
 674 9 2 2737075.818236 3993571.201503 0.000000 2779926.328130 1105925.484854 204769.977311 186833.470671 2190852.982497 2537.617604 3434746.692828 0.000000 0.000000
 683 9 3 2539675.878783 872748.908022 3447791.294490 0.000000 4356219.766535 26807.979380 102063.327276 2399024.067937 0.000000 19738.641834 0.000000 0.000000
 692 9 4 2767469.508180 937320.945293 2105069.385614 4497467.814445 0.000000 2127866.008218 121118.517047 2503266.411707 0.000000 0.000000 0.000000 0.000000
 701 9 5 3682158.866345 100577.730996 1326214.523613 17900.756324 2704067.700082 0.000000 4024035.146256 2342193.996392 1920.728457 0.000000 0.000000 0.000000
 710 9 6 2589907.025119 101865.200735 1936750.081834 19570.459363 42187.912126 3862681.408097 0.000000 3245543.007799 30771.284551 0.000000 0.000000 0.000000
 719 9 7 3262326.129664 239681.579363 3328979.407637 275761.971315 204476.895528 961260.985078 3593661.114032 0.000000 3913005.188129 0.000000 0.000000 0.000000
 728 10 0 0.000000 2492893.717026 275641.961162 971728.665016 1052858.972336 96528.630467 5245.287454 1507623.411296 0.000000 1914264.613144 0.000000 0.000000
 737 10 1 3338713.552604 0.000000 4361635.260713 986034.065493 944219.201788 2996.538584 0.000000 1725412.371814 0.000000 1429192.287497 0.000000 0.000000
 746 10 2 1072467.792665 4310257.101031 0.000000 3255304.631626 1166112.043205 1808.510772 2355.090145 3144194.875805 0.000000 0.000000 0.000000 0.000000
 755 10 3 1879719.020882 2266736.115321 3773651.831340 0.000000 4516441.885967 3901.559184 0.000000 1020836.227040 2236.926793 662293.159060 0.000000 0.000000
 764 10 4 1824174.682870 1213504.683145 916285.106780 4538421.228750 0.000000 2067066.344972 0.000000 2567444.697538 1837.795385 13623.964875 0.000000 0.000000
 773 10 5 676210.294427 60046.630051 74319.294543 111942.874858 2685733.405895 0.000000 712321.171994 800128.277480 2793.146243 198051.726875 0.000000 0.000000
 782 10 6 156147.122052 68141.513720 69767.127124 73060.288694 84175.390937 1369607.637656 0.000000 574311.996641 10316.739787 0.000000 0.000000 0.000000
 791 10 7 362891.274751 364293.824672 868460.455227 158137.081061 43510.868856 279017.924184 711784.675199 0.000000 3276492.748645 0.000000 0.000000 0.000000
 800 11 0 0.000000 412915.682889 62823.762707 466975.596773 0.000000 86926.136544 295281.171399 0.000000 0.000000 54360.972826 0.000000 0.000000
 809 11 1 286020.335714 0.000000 426802.768293 0.000000 0.000000 724852.606933 0.000000 0.000000 0.000000 0.000000 0.000000 0.000000
 818 11 2 2444.270228 1885817.925053 0.000000 282485.613398 1021826.299435 307195.619321 0.000000 0.000000 0.000000 476992.669099 0.000000 0.000000
 827 11 3 155281.939801 0.000000 420058.658945 0.000000 174264.889813 95732.966112 172027.667722 0.000000 0.000000 0.000000 0.000000 0.000000
 836 11 4 0.000000 0.000000 1971469.834988 337639.897009 0.000000 582819.860946 19603.645776 0.000000 0.000000 2886488.781463 0.000000 0.000000
 845 11 5 0.000000 798056.966981 0.000000 0.000000 1075948.256387 0.000000 1567896.284966 108438.381098 0.000000 4194476.337115 0.000000 0.000000
 854 11 6 508361.706725 0.000000 0.000000 175499.796489 310122.609917 159893.620560 0.000000 185861.943208 3047.621951 0.000000 0.000000 0.000000
 863 11 7 143.774341 0.000000 34270.120841 0.000000 41031.693465 287669.871968 184663.871848 0.000000 61435.210672 0.000000 0.000000 0.000000
 872 12 0 0.000000 356959.256952 366505.845457 105098.913872 0.000000 0.000000 0.000000 0.000000 0.000000 0.000000 0.000000 0.000000
 881 12 1 1135531.845529 0.000000 407651.655175 141781.736754 64173.351760 3679.750167 0.000000 57261.193018 0.000000 10547.636074 0.000000 0.000000
 890 12 2 343296.852619 1087810.408907 0.000000 327355.024658 107153.806990 276604.235162 4197.523591 39701.609042 0.000000 0.000000 0.000000 0.000000
 899 12 3 172200.974756 10410.035959 317497.786470 0.000000 1089292.063608 140236.853021 79176.077901 0.000000 0.000000 9412701.989758 0.000000 0.000000
 908 12 4 0.000000 0.000000 493227.627983 569062.691371 0.000000 441590.285969 0.000000 0.000000 0.000000 0.000000 0.000000 0.000000
 917 12 5 0.000000 0.000000 0.000000 475112.104895 294376.692739 0.000000 621606.759551 1689568.277413 0.000000 6412189.864240 0.000000 0.000000
 926 12 6 0.000000 0.000000 71683.736326 385879.723348 0.000000 258869.839117 0.000000 273440.921192 3674.121739 0.000000 0.000000 0.000000
 935 12 7 0.000000 115118.995871 516270.206719 515601.085139 0.000000 528549.679243 344339.791939 0.000000 3391.285661 0.000000 0.000000 0.000000
 944 13 0 0.000000 487906.839191 254301.012440 524413.388217 310692.847760 650920.951904 15915.658379 0.000000 0.000000 0.000000 0.000000 0.000000
 953 13 1 586676.289415 0.000000 299432.127287 190763.874023 329648.044759 9219.813765 0.000000 0.000000 0.000000 0.000000 0.000000 0.000000
 962 13 2 813686.592337 237735.347708 0.000000 144324.434776 71805.523680 52.307561 0.000000 0.000000 0.000000 1843427.293121 0.000000 0.000000
 971 13 3 0.000000 0.000000 618089.476934 0.000000 840602.967529 25296.643891 188645.452310 0.000000 0.000000 1342546.514062 0.000000 0.000000
 980 13 4 0.000000 315444.408107 223582.623173 404866.895911 0.000000 248532.581529 1318.047000 0.000000 0.000000 3559181.894626 0.000000 0.000000
 989 13 5 425101.206980 48197.896867 171724.674990 48289.867132 233968.024787 0.000000 29013.036014 0.000000 0.000000 0.000000 0.000000 0.000000
 998 13 6 46689.756062 0.000000 0.000000 2425.488152 122828.806050 189035.145515 0.000000 0.000000 6496.760240 0.000000 0.000000 0.000000
 1007 13 7 0.000000 0.000000 0.000000 0.000000 0.000000 0.000000 0.000000 0.000000 4684.293509 0.000000 0.000000 0.000000
 1016 14 0 0.000000 0.000000 0.000000 0.000000 0.000000 0.000000 0.000000 0.000000 0.000000 0.000000 0.000000 0.000000
 1025 14 1 7458.055222 0.000000 0.000000 0.000000 0.000000 0.000000 0.000000 0.000000 0.000000 0.000000 0.000000 0.000000
 1034 14 2 0.000000 7404.729694 0.000000 0.000000 0.000000 0.000000 0.000000 0.000000 0.000000 0.000000 0.000000 0.000000
 1043 14 3 0.000000 0.000000 0.000000 0.000000 0.000000 0.000000 0.000000 0.000000 0.000000 0.000000 0.000000 0.000000
 1052 14 4 0.000000 0.000000 0.000000 5202.526220 0.000000 0.000000 0.000000 0.000000 0.000000 0.000000 0.000000 0.000000
 1061 14 5 0.000000 0.000000 0.000000 0.000000 0.000000 0.000000 0.000000 0.000000 0.000000 0.000000 0.000000 0.000000
 1070 14 6 0.000000 0.000000 0.000000 0.000000 0.000000 0.000000 0.000000 0.000000 0.000000 0.000000 0.000000 0.000000
 1079 14 7 0.000000 0.000000 0.000000 0.000000 0.000000 0.000000 0.000000 0.000000 0.000000 0.000000 0.000000 0.000000
 1088 15 0 0.000000 0.000000 0.000000 0.000000 0.000000 0.000000 0.000000 0.000000 0.000000 0.000000 0.000000 0.000000
 1097 15 1 6964.166462 0.000000 0.000000 0.000000 0.000000 0.000000 0.000000 0.000000 0.000000 0.000000 0.000000 0.000000
 1106 15 2 0.000000 5527.477386 0.000000 0.000000 0.000000 0.000000 0.000000 0.000000 0.000000 0.000000 0.000000 0.000000
 1115 15 3 0.000000 0.000000 0.000000 0.000000 0.000000 0.000000 0.000000 0.000000 0.000000 0.000000 0.000000 0.000000
 1124 15 4 0.000000 0.000000 0.000000 0.000000 0.000000 0.000000 0.000000 0.000000 0.000000 0.000000 0.000000 0.000000
 1133 15 5 0.000000 0.000000 0.000000 0.000000 0.000000 0.000000 0.000000 0.000000 0.000000 0.000000 0.000000 0.000000
 1142 15 6 0.000000 0.000000 0.000000 0.000000 0.000000 0.000000 0.000000 0.000000 0.000000 0.000000 0.000000 0.000000
 1151 15 7 0.000000 0.000000 0.000000 0.000000 0.000000 0.000000 0.000000 0.000000 0.000000 0.000000 0.000000 0.000000
 1160 16 0 0.000000 0.000000 0.000000 0.000000 0.000000 0.000000 0.000000 0.000000 0.000000 0.000000 0.000000 0.000000
 1169 16 1 0.000000 0.000000 0.000000 0.000000 0.000000 0.000000 0.000000 0.000000 0.000000 0.000000 0.000000 0.000000
 1178 16 2 0.000000 5525.810027 0.000000 0.000000 0.000000 0.000000 0.000000 0.000000 0.000000 0.000000 0.000000 0.000000
 1187 16 3 0.000000 0.000000 0.000000 0.000000 0.000000 0.000000 0.000000 0.000000 0.000000 0.000000 0.000000 0.000000
 1196 16 4 0.000000 0.000000 0.000000 0.000000 0.000000 0.000000 0.000000 0.000000 0.000000 0.000000 0.000000 0.000000
 1205 16 5 0.000000 0.000000 0.000000 0.000000 0.000000 0.000000 0.000000 0.000000 0.000000 0.000000 0.000000 0.000000
 1214 16 6 0.000000 0.000000 0.000000 0.000000 0.000000 0.000000 0.000000 0.000000 0.000000 0.000000 0.000000 0.000000
 1223 16 7 0.000000 0.000000 0.000000 0.000000 0.000000 0.000000 0.000000 0.000000 0.000000 0.000000 0.000000 0.000000
 1232 17 0 0.000000 0.000000 0.000000 0.000000 0.000000 0.000000 0.000000 0.000000 0.000000 0.000000 0.000000 0.000000
 1241 17 1 7442.493990 0.000000 0.000000 0.000000 0.000000 0.000000 0.000000 0.000000 0.000000 0.000000 0.000000 0.000000
 1250 17 2 0.000000 0.000000 0.000000 0.000000 0.000000 0.000000 0.000000 0.000000 0.000000 0.000000 0.000000 0.000000
 1259 17 3 0.000000 0.000000 0.000000 0.000000 0.000000 0.000000 0.000000 0.000000 0.000000 0.000000 0.000000 0.000000
 1268 17 4 0.000000 0.000000 0.000000 0.000000 0.000000 0.000000 0.000000 0.000000 0.000000 0.000000 0.000000 0.000000
 1277 17 5 0.000000 0.000000 0.000000 0.000000 0.000000 0.000000 0.000000 0.000000 0.000000 0.000000 0.000000 0.000000
 1286 17 6 0.000000 0.000000 0.000000 0.000000 0.000000 0.000000 0.000000 0.000000 0.000000 0.000000 0.000000 0.000000
 1295 17 7 0.000000 0.000000 0.000000 0.000000 0.000000 0.000000 0.000000 0.000000 0.000000 0.000000 0.000000 0.000000
 1304 18 0 0.000000 0.000000 0.000000 0.000000 0.000000 0.000000 0.000000 0.000000 0.000000 0.000000 0.000000 0.000000
 1313 18 1 5715.759365 0.000000 0.000000 0.000000 0.000000 0.000000 0.000000 0.000000 0.000000 0.000000 0.000000 0.000000
 1322 18 2 0.000000 6142.673711 0.000000 0.000000 0.000000 0.000000 0.000000 0.000000 0.000000 0.000000 0.000000 0.000000
 1331 18 3 0.000000 0.000000 0.000000 0.000000 0.000000 0.000000 0.000000 0.000000 0.000000 0.000000 0.000000 0.000000
 1340 18 4 0.000000 0.000000 0.000000 2313.577549 0.000000 0.000000 0.000000 0.000000 0.000000 0.000000 0.000000 0.000000
 1349 18 5 0.000000 0.000000 0.000000 0.000000 0.000000 0.000000 0.000000 0.000000 0.000000 0.000000 0.000000 0.000000
 1358 18 6 0.000000 0.000000 0.000000 0.000000 0.000000 0.000000 0.000000 0.000000 1654.919893 0.000000 0.000000 0.000000
 1367 18 7 0.000000 0.000000 0.000000 0.000000 0.000000 0.000000 0.000000 0.000000 8756.206862 0.000000 0.000000 0.000000
 1376 19 0 0.000000 0.000000 0.000000 0.000000 0.000000 0.000000 0.000000 0.000000 0.000000 26673.553623 0.000000 0.000000
 1385 19 1 9143.480794 0.000000 0.000000 0.000000 0.000000 0.000000 0.000000 0.000000 0.000000 0.000000 0.000000 0.000000
 1394 19 2 0.000000 6160.923324 0.000000 0.000000 0.000000 0.000000 0.000000 0.000000 0.000000 0.000000 0.000000 0.000000
 1403 19 3 0.000000 0.000000 0.000000 0.000000 0.000000 0.000000 0.000000 0.000000 0.000000 0.000000 0.000000 0.000000
 1412 19 4 0.000000 0.000000 0.000000 0.000000 0.000000 0.000000 0.000000 0.000000 0.000000 0.000000 0.000000 0.000000
 1421 19 5 0.000000 0.000000 0.000000 0.000000 0.000000 0.000000 0.000000 0.000000 0.000000 0.000000 0.000000 0.000000
 1430 19 6 0.000000 0.000000 0.000000 0.000000 0.000000 0.000000 0.000000 4871.246459 0.000000 0.000000 0.000000 0.000000
 1439 19 7 0.000000 0.000000 0.000000 0.000000 0.000000 0.000000 0.000000 0.000000 21210.025426 0.000000 0.000000 0.000000
 1448 20 0 0.000000 0.000000 0.000000 0.000000 0.000000 0.000000 0.000000 0.000000 0.000000 0.000000 0.000000 0.000000
 1457 20 1 5720.111144 0.000000 0.000000 0.000000 0.000000 0.000000 0.000000 0.000000 0.000000 0.000000 0.000000 0.000000
 1466 20 2 0.000000 6221.659974 0.000000 0.000000 0.000000 0.000000 0.000000 0.000000 0.000000 0.000000 0.000000 0.000000
 1475 20 3 0.000000 0.000000 0.000000 0.000000 0.000000 0.000000 0.000000 0.000000 0.000000 0.000000 0.000000 0.000000
 1484 20 4 0.000000 0.000000 0.000000 0.000000 0.000000 0.000000 0.000000 0.000000 0.000000 0.000000 0.000000 0.000000
 1493 20 5 0.000000 0.000000 0.000000 0.000000 0.000000 0.000000 0.000000 0.000000 0.000000 0.000000 0.000000 0.000000
 1502 20 6 0.000000 0.000000 0.000000 0.000000 0.000000 0.000000 0.000000 0.000000 0.000000 0.000000 0.000000 0.000000
 1511 20 7 0.000000 0.000000 0.000000 0.000000 0.000000 0.000000 0.000000 0.000000 2416.348661 0.000000 0.000000 0.000000
 1520 21 0 0.000000 0.000000 0.000000 0.000000 0.000000 0.000000 0.000000 0.000000 0.000000 0.000000 0.000000 0.000000
 1529 21 1 6061.849278 0.000000 0.000000 0.000000 0.000000 0.000000 0.000000 0.000000 0.000000 0.000000 0.000000 0.000000
 1538 21 2 0.000000 7021.267857 0.000000 0.000000 0.000000 0.000000 0.000000 0.000000 0.000000 0.000000 0.000000 0.000000
 1547 21 3 0.000000 0.000000 0.000000 0.000000 0.000000 0.000000 0.000000 0.000000 0.000000 0.000000 0.000000 0.000000
 1556 21 4 0.000000 0.000000 0.000000 0.000000 0.000000 0.000000 0.000000 0.000000 0.000000 0.000000 0.000000 0.000000
 1565 21 5 0.000000 0.000000 0.000000 0.000000 0.000000 0.000000 0.000000 0.000000 0.000000 0.000000 0.000000 0.000000
 1574 21 6 0.000000 0.000000 0.000000 0.000000 0.000000 0.000000 0.000000 0.000000 0.000000 0.000000 0.000000 0.000000
 1583 21 7 0.000000 0.000000 0.000000 0.000000 0.000000 0.000000 0.000000 0.000000 1415.844275 0.000000 0.000000 0.000000
 1592 22 0 0.000000 0.000000 0.000000 0.000000 0.000000 0.000000 0.000000 0.000000 0.000000 0.000000 0.000000 0.000000
 1601 22 1 4971.077988 0.000000 0.000000 0.000000 0.000000 0.000000 0.000000 0.000000 0.000000 0.000000 0.000000 0.000000
 1610 22 2 0.000000 7968.777132 0.000000 0.000000 0.000000 0.000000 0.000000 0.000000 0.000000 0.000000 0.000000 0.000000
 1619 22 3 0.000000 0.000000 0.000000 0.000000 0.000000 0.000000 0.000000 0.000000 0.000000 0.000000 0.000000 0.000000
 1628 22 4 0.000000 0.000000 0.000000 0.000000 0.000000 0.000000 0.000000 0.000000 0.000000 0.000000 0.000000 0.000000
 1637 22 5 0.000000 0.000000 0.000000 0.000000 0.000000 0.000000 0.000000 0.000000 0.000000 0.000000 0.000000 0.000000
 1646 22 6 0.000000 0.000000 0.000000 0.000000 0.000000 0.000000 0.000000 0.000000 0.000000 0.000000 0.000000 0.000000
 1655 22 7 0.000000 0.000000 0.000000 0.000000 0.000000 0.000000 0.000000 0.000000 0.000000 0.000000 0.000000 0.000000
 1664 23 0 0.000000 0.000000 0.000000 0.000000 0.000000 0.000000 0.000000 0.000000 0.000000 0.000000 0.000000 0.000000
 1673 23 1 5646.505934 0.000000 0.000000 0.000000 0.000000 0.000000 0.000000 0.000000 0.000000 0.000000 0.000000 0.000000
 1682 23 2 0.000000 5849.894471 0.000000 0.000000 0.000000 0.000000 0.000000 0.000000 0.000000 0.000000 0.000000 0.000000
 1691 23 3 0.000000 0.000000 0.000000 0.000000 0.000000 0.000000 0.000000 0.000000 0.000000 0.000000 0.000000 0.000000
 1700 23 4 0.000000 0.000000 0.000000 0.000000 0.000000 0.000000 0.000000 0.000000 0.000000 0.000000 0.000000 0.000000
 1709 23 5 0.000000 0.000000 0.000000 0.000000 0.000000 0.000000 0.000000 0.000000 0.000000 0.000000 0.000000 0.000000
 1718 23 6 0.000000 0.000000 0.000000 0.000000 0.000000 0.000000 0.000000 0.000000 0.000000 0.000000 0.000000 0.000000
 1727 23 7 0.000000 0.000000 0.000000 0.000000 0.000000 0.000000 0.000000 0.000000 0.000000 0.000000 0.000000 0.000000
 1736 24 0 0.000000 0.000000 0.000000 0.000000 0.000000 0.000000 0.000000 0.000000 0.000000 0.000000 0.000000 0.000000
 1745 24 1 0.000000 0.000000 0.000000 0.000000 0.000000 0.000000 0.000000 0.000000 0.000000 0.000000 0.000000 0.000000
 1754 24 2 0.000000 2629.879109 0.000000 0.000000 0.000000 0.000000 0.000000 0.000000 0.000000 0.000000 0.000000 0.000000
 1763 24 3 0.000000 0.000000 0.000000 0.000000 0.000000 0.000000 0.000000 0.000000 0.000000 0.000000 0.000000 0.000000
 1772 24 4 0.000000 0.000000 0.000000 0.000000 0.000000 0.000000 0.000000 0.000000 0.000000 0.000000 0.000000 0.000000
 1781 24 5 0.000000 0.000000 0.000000 0.000000 0.000000 0.000000 0.000000 0.000000 0.000000 0.000000 0.000000 0.000000
 1790 24 6 0.000000 0.000000 0.000000 0.000000 0.000000 0.000000 0.000000 0.000000 0.000000 0.000000 0.000000 0.000000
 1799 24 7 0.000000 0.000000 0.000000 0.000000 0.000000 0.000000 0.000000 0.000000 0.000000 0.000000 0.000000 0.000000
 1808 25 0 0.000000 0.000000 0.000000 0.000000 0.000000 0.000000 0.000000 0.000000 0.000000 0.000000 0.000000 0.000000
 1817 25 1 6679.653496 0.000000 0.000000 0.000000 0.000000 0.000000 0.000000 0.000000 0.000000 0.000000 0.000000 0.000000
 1826 25 2 0.000000 0.000000 0.000000 0.000000 0.000000 0.000000 0.000000 0.000000 0.000000 0.000000 0.000000 0.000000
 1835 25 3 0.000000 0.000000 0.000000 0.000000 0.000000 0.000000 0.000000 0.000000 0.000000 0.000000 0.000000 0.000000
 1844 25 4 0.000000 0.000000 0.000000 0.000000 0.000000 0.000000 0.000000 0.000000 0.000000 0.000000 0.000000 0.000000
 1853 25 5 0.000000 0.000000 0.000000 0.000000 0.000000 0.000000 0.000000 0.000000 0.000000 0.000000 0.000000 0.000000
 1862 25 6 0.000000 0.000000 0.000000 0.000000 0.000000 0.000000 0.000000 0.000000 0.000000 0.000000 0.000000 0.000000
 1871 25 7 0.000000 0.000000 0.000000 0.000000 0.000000 0.000000 0.000000 0.000000 0.000000 0.000000 0.000000 0.000000
 1880 26 0 0.000000 0.000000 0.000000 0.000000 0.000000 0.000000 0.000000 0.000000 0.000000 0.000000 0.000000 0.000000
 1889 26 1 6882.860992 0.000000 0.000000 0.000000 0.000000 0.000000 0.000000 0.000000 0.000000 0.000000 0.000000 0.000000
 1898 26 2 0.000000 6837.660400 0.000000 0.000000 0.000000 0.000000 0.000000 0.000000 0.000000 0.000000 0.000000 0.000000
 1907 26 3 0.000000 0.000000 0.000000 0.000000 0.000000 0.000000 0.000000 0.000000 0.000000 0.000000 0.000000 0.000000
 1916 26 4 0.000000 0.000000 0.000000 4833.074951 0.000000 0.000000 0.000000 0.000000 0.000000 0.000000 0.000000 0.000000
 1925 26 5 0.000000 0.000000 0.000000 0.000000 0.000000 0.000000 0.000000 0.000000 0.000000 0.000000 0.000000 0.000000
 1934 26 6 0.000000 0.000000 0.000000 0.000000 0.000000 0.000000 0.000000 3631.624880 3072.221345 0.000000 0.000000 0.000000
 1943 26 7 0.000000 0.000000 0.000000 0.000000 0.000000 0.000000 0.000000 0.000000 21013.450295 0.000000 0.000000 0.000000
 1952 27 0 0.000000 0.000000 0.000000 0.000000 0.000000 0.000000 0.000000 777.384509 0.000000 23300.453527 0.000000 0.000000
 1961 27 1 6167.497391 0.000000 0.000000 0.000000 0.000000 0.000000 0.000000 0.000000 0.000000 0.000000 0.000000 0.000000
 1970 27 2 0.000000 5674.392594 0.000000 0.000000 0.000000 0.000000 0.000000 0.000000 0.000000 0.000000 0.000000 0.000000
 1979 27 3 0.000000 0.000000 0.000000 0.000000 0.000000 0.000000 0.000000 0.000000 0.000000 0.000000 0.000000 0.000000
 1988 27 4 0.000000 0.000000 0.000000 0.000000 0.000000 0.000000 0.000000 0.000000 0.000000 0.000000 0.000000 0.000000
 1997 27 5 0.000000 0.000000 0.000000 0.000000 0.000000 0.000000 0.000000 0.000000 0.000000 0.000000 0.000000 0.000000
 2006 27 6 0.000000 0.000000 0.000000 0.000000 0.000000 0.000000 0.000000 11956.643736 0.000000 0.000000 0.000000 0.000000
 2015 27 7 0.000000 0.000000 0.000000 0.000000 0.000000 0.000000 0.000000 0.000000 33281.576593 0.000000 0.000000 0.000000
 2024 28 0 0.000000 0.000000 0.000000 0.000000 0.000000 0.000000 0.000000 0.000000 0.000000 2196.776236 0.000000 0.000000
 2033 28 1 7265.807129 0.000000 0.000000 0.000000 0.000000 0.000000 0.000000 0.000000 0.000000 0.000000 0.000000 0.000000
 2042 28 2 0.000000 6476.039749 0.000000 0.000000 0.000000 0.000000 0.000000 0.000000 0.000000 0.000000 0.000000 0.000000
 2051 28 3 0.000000 0.000000 0.000000 0.000000 0.000000 0.000000 0.000000 0.000000 0.000000 0.000000 0.000000 0.000000
 2060 28 4 0.000000 0.000000 0.000000 0.000000 0.000000 0.000000 0.000000 0.000000 0.000000 0.000000 0.000000 0.000000
 2069 28 5 0.000000 0.000000 0.000000 0.000000 0.000000 0.000000 0.000000 0.000000 0.000000 0.000000 0.000000 0.000000
 2078 28 6 0.000000 0.000000 0.000000 0.000000 0.000000 0.000000 0.000000 0.000000 0.000000 0.000000 0.000000 0.000000
 2087 28 7 0.000000 0.000000 0.000000 0.000000 0.000000 0.000000 0.000000 0.000000 3786.218954 0.000000 0.000000 0.000000
 2096 29 0 0.000000 0.000000 0.000000 0.000000 0.000000 0.000000 0.000000 0.000000 0.000000 0.000000 0.000000 0.000000
 2105 29 1 7094.538112 0.000000 0.000000 0.000000 0.000000 0.000000 0.000000 0.000000 0.000000 0.000000 0.000000 0.000000
 2114 29 2 0.000000 6602.514872 0.000000 0.000000 0.000000 0.000000 0.000000 0.000000 0.000000 0.000000 0.000000 0.000000
 2123 29 3 0.000000 0.000000 0.000000 0.000000 0.000000 0.000000 0.000000 0.000000 0.000000 0.000000 0.000000 0.000000
 2132 29 4 0.000000 0.000000 0.000000 0.000000 0.000000 0.000000 0.000000 0.000000 0.000000 0.000000 0.000000 0.000000
 2141 29 5 0.000000 0.000000 0.000000 0.000000 0.000000 0.000000 0.000000 0.000000 0.000000 0.000000 0.000000 0.000000
 2150 29 6 0.000000 0.000000 0.000000 0.000000 0.000000 0.000000 0.000000 0.000000 0.000000 0.000000 0.000000 0.000000
 2159 29 7 0.000000 0.000000 0.000000 0.000000 0.000000 0.000000 0.000000 0.000000 107.332994 0.000000 0.000000 0.000000
 2168 30 0 0.000000 0.000000 0.000000 0.000000 0.000000 0.000000 0.000000 0.000000 0.000000 0.000000 0.000000 0.000000
 2177 30 1 6107.115528 0.000000 0.000000 0.000000 0.000000 0.000000 0.000000 0.000000 0.000000 0.000000 0.000000 0.000000
 2186 30 2 0.000000 7522.677408 0.000000 0.000000 0.000000 0.000000 0.000000 0.000000 0.000000 0.000000 0.000000 0.000000
 2195 30 3 0.000000 0.000000 0.000000 0.000000 0.000000 0.000000 0.000000 0.000000 0.000000 0.000000 0.000000 0.000000
 2204 30 4 0.000000 0.000000 0.000000 0.000000 0.000000 0.000000 0.000000 0.000000 0.000000 0.000000 0.000000 0.000000
 2213 30 5 0.000000 0.000000 0.000000 0.000000 0.000000 0.000000 0.000000 0.000000 0.000000 0.000000 0.000000 0.000000
 2222 30 6 0.000000 0.000000 0.000000 0.000000 0.000000 0.000000 0.000000 0.000000 0.000000 0.000000 0.000000 0.000000
 2231 30 7 0.000000 0.000000 0.000000 0.000000 0.000000 0.000000 0.000000 0.000000 0.000000 0.000000 0.000000 0.000000
 2240 31 0 0.000000 0.000000 0.000000 0.000000 0.000000 0.000000 0.000000 0.000000 0.000000 0.000000 0.000000 0.000000
 2249 31 1 6162.476160 0.000000 0.000000 0.000000 0.000000 0.000000 0.000000 0.000000 0.000000 0.000000 0.000000 0.000000
 2258 31 2 0.000000 5536.559671 0.000000 0.000000 0.000000 0.000000 0.000000 0.000000 0.000000 0.000000 0.000000 0.000000
 2267 31 3 0.000000 0.000000 0.000000 0.000000 0.000000 0.000000 0.000000 0.000000 0.000000 0.000000 0.000000 0.000000
 2276 31 4 0.000000 0.000000 0.000000 0.000000 0.000000 0.000000 0.000000 0.000000 0.000000 0.000000 0.000000 0.000000
 2285 31 5 0.000000 0.000000 0.000000 0.000000 0.000000 0.000000 0.000000 0.000000 0.000000 0.000000 0.000000 0.000000
 2294 31 6 0.000000 0.000000 0.000000 0.000000 0.000000 0.000000 0.000000 0.000000 0.000000 0.000000 0.000000 0.000000
 2303 31 7 0.000000 0.000000 0.000000 0.000000 0.000000 0.000000 0.000000 0.000000 0.000000 0.000000 0.000000 0.000000
 2312 32 0 0.000000 0.000000 0.000000 0.000000 0.000000 0.000000 0.000000 0.000000 0.000000 0.000000 0.000000 0.000000
 2321 32 1 7366.511151 0.000000 0.000000 0.000000 0.000000 0.000000 0.000000 0.000000 0.000000 0.000000 0.000000 0.000000
 2330 32 2 0.000000 6221.346235 0.000000 0.000000 0.000000 0.000000 0.000000 0.000000 0.000000 0.000000 0.000000 0.000000
 2339 32 3 0.000000 0.000000 0.000000 0.000000 0.000000 0.000000 0.000000 0.000000 0.000000 0.000000 0.000000 0.000000
 2348 32 4 0.000000 0.000000 0.000000 0.000000 0.000000 0.000000 0.000000 0.000000 0.000000 0.000000 0.000000 0.000000
 2357 32 5 0.000000 0.000000 0.000000 0.000000 0.000000 0.000000 0.000000 0.000000 0.000000 0.000000 0.000000 0.000000
 2366 32 6 0.000000 0.000000 0.000000 0.000000 0.000000 0.000000 0.000000 0.000000 0.000000 0.000000 0.000000 0.000000
 2375 32 7 0.000000 0.000000 0.000000 0.000000 0.000000 0.000000 0.000000 0.000000 0.000000 0.000000 0.000000 0.000000