# Format <LP ID> <Group ID> <Router ID> <Link traffic per router port(s)># Router ports in the order: 8 local channels, 4 global channels 

 8 0 0 0 972144 631336 84168 81608 83760 226704 618328 151024 415744 148816 147496
 17 0 1 819216 0 927408 632848 377616 321144 354936 375936 1439256 1063976 18784 19352
 26 0 2 389424 823952 0 3540628 1445984 1739260 153504 462528 758200 5508464 120272 122584
 35 0 3 77232 412560 3812108 0 4259636 2317116 170424 134728 403040 8341572 123976 124128
 44 0 4 127768 298560 957868 4751844 0 3629688 410744 168496 366632 6960460 111944 113064
 53 0 5 125008 339312 1065500 1257844 2609460 0 401584 372848 281200 6724564 88376 87328
 62 0 6 161216 350048 198072 135296 347592 417240 0 784504 547696 104984 104984 103480
 71 0 7 248784 544528 512392 175744 154744 288872 697848 0 1235752 112920 112256 112960
 80 1 0 0 341840 505296 361912 394064 523816 642008 782056 1751304 1275128 134024 135536
 89 1 1 813960 0 813760 369576 159824 161096 171480 550640 272984 390088 270336 269680
 98 1 2 642192 836848 0 4115108 1802128 2146360 525320 470816 1567344 3890088 92160 89912
 107 1 3 448256 439200 2302804 0 5427180 1346448 253680 401768 953680 8157356 211224 212048
 116 1 4 468024 205176 950380 4415828 0 3920100 474856 335024 449312 8897620 210128 210656
 125 1 5 358328 256200 1567296 1371344 3302256 0 546608 496168 342656 6133620 161128 165600
 134 1 6 504664 288792 527336 300504 401000 544384 0 866552 531904 199360 199800 202000
 143 1 7 754560 350856 582040 587416 326336 340104 528552 0 1312784 239464 241472 239416
 152 2 0 0 1289640 329328 350920 351144 331248 353384 652176 527896 1485112 287704 288896
 161 2 1 1357048 0 380352 385440 390656 416576 599088 754672 1807528 1099696 129064 128528
 170 2 2 396832 527808 0 2717568 1491948 1550276 175336 369016 290472 1053192 290960 290744
 179 2 3 442456 510936 1410452 0 4145664 2612320 497128 447672 1405384 5216404 108440 115392
 188 2 4 319096 457784 440120 2321296 0 3214816 426232 373176 971392 7590704 224600 225160
 197 2 5 216536 442376 206360 1719968 3610368 0 550264 515696 398280 6176236 204904 206888
 206 2 6 405832 422480 286176 473480 533184 570456 0 931080 557960 219264 215968 222056
 215 2 7 809984 700400 386568 477632 474264 335664 747624 0 1368272 262208 259912 257848
 224 3 0 0 1245264 671688 317904 451880 374376 443888 791528 428632 1476032 254832 254912
 233 3 1 1421360 0 1188296 285040 409272 335728 298792 563440 528128 1409640 251272 253616
 242 3 2 869192 1193616 0 310000 1198992 1613168 386824 534768 1829192 3973116 145576 147112
 251 3 3 178160 172400 1968772 0 5627416 1320328 174584 179136 289128 923888 292936 285712
 260 3 4 380112 382552 1579912 1076096 0 3580632 785656 438888 1477408 8190952 130000 131744
 269 3 5 202960 259160 919520 759828 2834476 0 521192 705856 782712 5148316 221592 220160
 278 3 6 416656 312376 474808 237864 528160 629192 0 914272 713952 247928 245320 247560
 287 3 7 823272 717056 611280 331432 468096 488464 826688 0 1410800 252776 253256 253744
 296 4 0 0 997792 665472 353552 335592 509536 528576 743944 383568 1354072 271216 270808
 305 4 1 990000 0 961896 462744 289344 494528 342136 548520 535160 1255528 233008 225904
 314 4 2 950568 930552 0 3272180 261656 1721400 304112 437264 555840 4745960 232808 225664
 323 4 3 479432 736448 2864180 0 1535020 1692692 371488 418632 1735144 8959512 140728 142072
 332 4 4 182728 170936 1276276 4901920 0 3426824 371824 177336 290320 2146528 281992 290160
 341 4 5 404384 394240 1017028 2291996 1385856 0 897000 722784 1537800 5577556 132408 132504
 350 4 6 389312 299328 301280 453976 437296 708352 0 1097496 1088048 242328 240928 239440
 359 4 7 751768 716184 556112 490088 279200 477232 901632 0 1452000 262240 267296 264056
 368 5 0 0 1002432 634984 480048 435856 267024 493392 770136 301904 1261008 205768 209720
 377 5 1 1084320 0 751320 386128 363216 230504 443608 630392 404264 1160344 182336 182784
 386 5 2 716224 797680 0 1505136 935056 660200 447672 446360 427984 3246912 156368 158488
 395 5 3 461544 451056 992464 0 3863668 197440 411528 283600 640312 6291240 171608 172616
 404 5 4 431944 520648 1762260 4538120 0 876072 378344 365800 1658608 6737780 73024 75304
 413 5 5 115432 105688 1055452 1672604 3418664 0 455384 298136 232720 1327228 229536 232688
 422 5 6 567104 527304 372096 328960 407576 498032 0 1119488 1886416 109056 112856 110256
 431 5 7 567056 542840 438912 258376 386248 387112 821368 0 1739456 227096 230672 230984
 440 6 0 0 867416 573496 158664 391696 369128 1327768 2767064 495896 2943464 380328 380928
 449 6 1 1001816 0 722192 354832 130864 366056 646288 1004848 776744 1416208 566480 563704
 458 6 2 687368 824864 0 1073152 1019288 927588 704144 813832 815576 5545520 575080 574408
 467 6 3 213072 415352 2071836 0 3090496 1659064 920312 793272 899200 6981432 600424 601800
 476 6 4 316504 142968 1476176 4458376 0 4423724 882112 944592 1089664 7770880 566984 566192
 485 6 5 204656 401368 1968856 2574404 4759384 0 913832 925064 1887864 6039652 515632 514032
 494 6 6 1328216 982240 974040 954584 948616 941000 0 2528976 343496 350472 345416 350792
 503 6 7 1916800 1369128 1333032 1135272 1128448 1119736 3970992 0 2855992 347792 348368 346448
 512 7 0 0 3220592 2491400 1267672 3369056 2328928 2140704 1975984 880616 5750672 753832 751552
 521 7 1 3461264 0 3376448 2463056 1341680 1892168 2716152 1823720 897440 6112072 663200 662120
 530 7 2 2604744 3505592 0 4410456 1739484 2111636 1829088 2044320 1326208 10159956 1092088 1085480
 539 7 3 1548240 2079648 5966448 0 5993456 3552644 1817808 1380656 1539728 8027688 1267392 1272480
 548 7 4 2177504 1763504 2906712 5941556 0 5405532 1984056 2122944 1531824 9488128 1210656 1199768
 557 7 5 2171600 2031240 3192800 3497796 6357080 0 2422824 2459584 1238664 7202620 1027664 1011792
 566 7 6 2228704 2151744 1484128 1522000 1891680 2379800 0 2369112 4683960 772912 765392 772480
 575 7 7 1642816 1578128 1796360 970344 1752752 1418696 1837888 0 1272968 1265336 1279712 1267784
 584 8 0 0 1561248 1699000 1252488 1105800 1309248 1529544 1509136 1402040 1358000 1370392 1362720
 593 8 1 2594240 0 3862656 2772376 1375616 2318968 2868616 2816512 846520 5771512 548264 552392
 602 8 2 2320864 3269040 0 5961280 3618924 3172172 1826056 1775688 1043928 9314652 787944 784120
 611 8 3 1642528 2361656 5660516 0 6326856 3162232 1570776 2156608 1464784 9406580 1184976 1187568
 620 8 4 1512200 1519552 2685788 6802360 0 4948024 1382168 1596280 1385992 7965020 1134080 1138056
 629 8 5 1118088 2035872 2612652 2136628 4023624 0 3046496 2086872 1461984 7788080 1235192 1224600
 638 8 6 1387392 2618352 1856296 1066624 1398640 3109848 0 3636808 3571256 965368 959416 959264
 647 8 7 2807024 3311144 1795752 1825560 1520720 2400544 3333360 0 5624120 706840 705896 706584
 656 9 0 0 3323600 1740824 2063520 1724584 2271824 1985608 3459616 602640 6103816 483472 493008
 665 9 1 2421856 0 3002824 1370440 1123464 802720 812712 1289288 1172024 1124568 1118856 1133440
 674 9 2 2170872 3303528 0 5900936 3141932 3214256 1377336 2308024 969048 7839388 704368 705728
 683 9 3 1933720 1498080 4424636 0 8418172 2065156 1130304 1781032 1252936 9985440 1024152 1022120
 692 9 4 1939328 1525504 2269764 7333376 0 5225164 1152512 1760048 1191192 9641116 954448 963224
 701 9 5 1862184 1208352 2780924 2144448 4568012 0 3102896 2084984 1176232 6797648 985768 995344
 710 9 6 1393712 1136144 1590056 1242432 1085552 3119016 0 3425944 1371328 914496 921408 926504
 719 9 7 3602216 1715288 3075880 2086744 1853880 2174288 3312280 0 5630920 623536 626896 628952
 728 10 0 0 3586600 1691208 2216528 2606200 4435512 7368480 11747756 6250960 9815768 6150824 6161220
 737 10 1 4318024 0 3343312 2184928 1933640 5715008 2583972 7001200 6607708 9731624 6347372 6341676
 746 10 2 1260648 3088912 0 2417824 1351896 2248300 3215828 2590300 5336696 5303856 5291784 5306372
 755 10 3 2364552 1904808 2410112 0 6728112 15592124 14216864 36496712 2868232 52937412 2605304 2616992
 764 10 4 2048048 1684000 1421256 5181868 0 11982856 9092264 7341288 4565212 27843448 4319484 4320380
 773 10 5 7241732 7480988 7459536 13804280 8264204 0 38809416 19515784 2724716 24468328 2552704 2549240
 782 10 6 7787632 7984656 7863092 12165696 15841160 32499968 0 27389244 3191836 2824216 2834972 2821380
 791 10 7 11415456 11118728 6181332 32301340 13349336 21536508 26037344 0 7109108 5058820 5082816 5092108
 800 11 0 0 21286716 27676188 16069592 11118884 14053544 24064832 14127016 8996216 10394492 8887460 8912324
 809 11 1 28442308 0 32799952 8940300 8308992 26550136 8305836 11920456 7686052 8646280 7482768 7470972
 818 11 2 25518372 32611688 0 25599860 22915220 14524628 6505452 17061008 6081000 58859664 5842652 5797660
 827 11 3 14617092 6029000 24413280 0 26513704 15620220 12898740 7739996 7734480 7695760 7677980 7687932
 836 11 4 10415936 10190768 26323780 34139104 0 43785556 24567568 26264504 4825604 63297544 4558936 4549800
 845 11 5 14608512 31959636 12921596 14052052 35932520 0 19931272 23082392 3602620 39870488 3406472 3403004
 854 11 6 22293344 7313840 8529820 15840008 25725996 18429332 0 24152836 5895436 5441100 5415248 5451624
 863 11 7 15482844 13149572 20279884 13497544 23253080 16914572 18205296 0 10652832 9722872 9722536 9726804
 872 12 0 0 20458244 15731204 32711016 11677096 9117528 12483496 12568312 8033620 9172912 7929316 7911324
 881 12 1 24246636 0 25060280 20822564 15704108 11825220 12627736 13470936 7784108 8709572 7580648 7591340
 890 12 2 25882892 28996744 0 30841872 21395448 18088928 10836548 17806488 4566256 15952280 4324724 4335684
 899 12 3 32414176 24550000 25915452 0 34028296 27458796 25646032 11374884 4386776 72606396 4138776 4118824
 908 12 4 8364040 9887688 19078352 27632844 0 26307944 8525264 6628460 8627504 8527592 8549580 8583480
 917 12 5 8148688 10967432 12035980 23415436 24269404 0 37550752 40729368 5615884 47369060 5407360 5412164
 926 12 6 10324320 8062308 13001796 25976768 8828248 32691480 0 21682804 9098592 17253028 8631820 8602196
 935 12 7 9867732 16536896 22069080 17586044 9551880 27214692 27059960 0 9471316 8107976 8100700 8077584
 944 13 0 0 24325232 20287584 20141792 19729980 17381052 10681992 6738016 4053872 5001304 3957420 3925388
 953 13 1 20979324 0 23790836 17084264 30498732 12551084 6161164 6645604 4927296 5697256 4734932 4742192
 962 13 2 21463260 21263672 0 36906744 25023176 16008628 8148048 6541296 4417424 31435636 4227968 4217820
 971 13 3 23398836 17680600 39766512 0 28097564 16351388 11353396 6329180 3183284 34317044 2981020 2974552
 980 13 4 9556764 28536088 24826612 29925492 0 37229948 14001340 6308152 3334184 48106256 3096808 3095884
 989 13 5 17196344 11408460 14791868 13966732 25619404 0 12427296 6310064 5699452 5644200 5697704 5666772
 998 13 6 10570032 6911968 8355144 8828272 10503704 11931032 0 1910120 7950768 7595524 7577264 7580224
 1007 13 7 5308996 2791980 5242128 4723788 4739416 4191016 599344 0 9200388 15815492 7898800 7869640
 1016 14 0 0 474856 246680 88 48 32 0 348640 114648 1009256 0 0
 1025 14 1 492880 0 263784 1312 144 120 1352 354272 217552 952968 0 0
 1034 14 2 292888 413496 0 712176 739540 649588 8 236080 226880 6175952 0 0
 1043 14 3 216 16792 1751188 0 2657772 1263368 208 0 204784 10247908 0 0
 1052 14 4 48 248 2231908 7825080 0 7437568 552 0 234752 7228092 0 0
 1061 14 5 0 80 1732956 1913376 4050304 0 8120 0 231824 9220360 0 0
 1070 14 6 32424 1928 1224 288 15616 100328 0 198848 39464 0 0 0
 1079 14 7 305392 263136 175120 0 0 0 29264 0 1137840 0 0 0
 1088 15 0 0 508480 211896 120 72 16 23112 76040 130432 1134000 0 0
 1097 15 1 499848 0 327432 17528 248 136 0 17928 236184 1028680 0 0
 1106 15 2 259560 414296 0 2694592 493692 1458624 256 0 237480 8485188 0 0
 1115 15 3 120 18136 3372024 0 4360032 2226156 112 0 252904 10866220 0 0
 1124 15 4 64 232 1109876 3979408 0 3264520 15912 0 242328 12648800 0 0
 1133 15 5 40 32 3477716 4427076 8034596 0 102576 0 225256 6807392 0 0
 1142 15 6 108128 1672 1896 232 2072 83904 0 150056 466120 0 0 0
 1151 15 7 396632 321856 222576 0 0 0 324272 0 244024 0 0 0
 1160 16 0 0 663608 298872 296 72 32 114040 442328 33440 271120 0 0
 1169 16 1 151464 0 213064 6616 184 64 496 245688 285872 1047472 0 0
 1178 16 2 78016 342824 0 3190236 1071720 1627224 1352 126680 257880 5381192 0 0
 1187 16 3 120 16896 3390552 0 3829128 1905664 288 0 272960 8219404 0 0
 1196 16 4 32 224 646016 4327608 0 3210308 16480 0 253816 6830288 0 0
 1205 16 5 0 96 953352 966504 2168564 0 74944 0 188344 6621236 0 0
 1214 16 6 0 40 72 96 14792 66416 0 299000 439208 0 0 0
 1223 16 7 75000 309800 137240 0 0 0 231792 0 1113696 0 0 0
 1232 17 0 0 48248 164536 40 8 32 73128 281064 114496 1133816 0 0
 1241 17 1 580816 0 444624 17336 328 88 728 345128 39304 123080 0 0
 1250 17 2 165144 98032 0 3299732 1110668 1711060 768 90192 275208 3768372 0 0
 1259 17 3 104 600 1739296 0 5023408 969572 304 0 233592 7930048 0 0
 1268 17 4 32 80 485828 3893664 0 3417632 16744 0 234632 8710744 0 0
 1277 17 5 8 48 1093212 952796 2807528 0 63200 0 183088 5987248 0 0
 1286 17 6 138336 0 1776 88 3112 72448 0 350880 324808 0 0 0
 1295 17 7 363720 15496 113992 0 0 0 169992 0 1067264 0 0 0
 1304 18 0 0 559472 856 136 72 40 19104 328736 89808 1197480 0 0
 1313 18 1 490936 0 62896 1880 136 64 504 239816 256592 963720 0 0
 1322 18 2 226480 303640 0 2359220 1116196 1389436 1224 187904 32712 764496 0 0
 1331 18 3 72 13944 670580 0 3385156 1917788 112 0 260904 5112840 0 0
 1340 18 4 8 264 656 1763548 0 2777292 16200 0 230608 7365228 0 0
 1349 18 5 8 0 48 1250092 3088612 0 45720 0 186400 5973120 0 0
 1358 18 6 139752 2296 48 200 5816 74784 0 352088 342320 0 0 0
 1367 18 7 429880 340664 62064 0 0 0 259480 0 1108544 0 0 0
 1376 19 0 0 616744 187288 40 40 0 91864 413144 85736 1223712 0 0
 1385 19 1 528184 0 395544 80 136 80 2264 309248 206800 1166184 0 0
 1394 19 2 191344 382064 0 16768 784720 1256116 832 81776 278832 3830136 0 0
 1403 19 3 312 16552 1737620 0 5252160 963608 232 0 32904 623332 0 0
 1412 19 4 0 136 1128688 330224 0 2803232 17296 0 279944 8067200 0 0
 1421 19 5 8 64 494892 308936 2292764 0 55592 0 198176 4913676 0 0
 1430 19 6 139008 3512 2904 24 17248 88800 0 348904 468928 0 0 0
 1439 19 7 450416 353872 162184 0 0 0 300920 0 1153072 0 0 0
 1448 20 0 0 531992 233176 112 24 16 107176 373480 94712 1081416 0 0
 1457 20 1 494360 0 374464 17088 48 120 1856 276520 205840 1039424 0 0
 1466 20 2 195496 353776 0 2553996 144 1255520 712 184472 223672 4514640 0 0
 1475 20 3 136 16040 2143496 0 1259256 1270188 40 0 253448 8779072 0 0
 1484 20 4 64 312 1123020 4640620 0 3051524 16328 0 32200 1871092 0 0
 1493 20 5 24 40 653264 1820864 643600 0 52520 0 227520 5424688 0 0
 1502 20 6 139856 3392 3432 120 192 74176 0 345744 496048 0 0 0
 1511 20 7 346176 339792 207176 0 0 0 317512 0 1180216 0 0 0
 1520 21 0 0 514128 272296 72 40 0 107000 430112 95304 1049288 0 0
 1529 21 1 513264 0 308656 960 80 16 944 322976 196456 991752 0 0
 1538 21 2 234976 389832 0 994292 474264 474132 1376 188320 184264 3078780 0 0
 1547 21 3 104 16768 439020 0 3171732 432 184 0 206112 6155152 0 0
 1556 21 4 48 200 1110248 3768292 0 654868 6880 0 236328 6698296 0 0
 1565 21 5 56 88 945096 1597912 3280628 0 103424 0 34464 1112540 0 0
 1574 21 6 140408 784 440 88 7696 17272 0 348968 538208 0 0 0
 1583 21 7 255584 266232 187480 0 0 0 318368 0 1290376 0 0 0
 1592 22 0 0 468256 253560 128 72 32 0 342248 113552 1010224 0 0
 1601 22 1 490448 0 266456 1320 328 112 1728 361008 216288 938520 0 0
 1610 22 2 297248 408464 0 714236 740680 646804 24 243536 226168 5054032 0 0
 1619 22 3 280 16888 1733332 0 2649564 1259992 136 0 201080 6394628 0 0
 1628 22 4 80 184 1118292 3965824 0 3787748 664 0 237064 7200744 0 0
 1637 22 5 0 8 1735212 1914076 4033648 0 8088 0 230928 5563048 0 0
 1646 22 6 31176 1648 1608 216 15016 99656 0 196192 40736 0 0 0
 1655 22 7 304720 259416 171160 0 0 0 30096 0 1142984 0 0 0
 1664 23 0 0 506360 213008 224 56 8 22432 76032 130088 1140568 0 0
 1673 23 1 504704 0 329736 16408 272 136 8 17184 234184 1046584 0 0
 1682 23 2 262280 425760 0 2706756 491288 1456520 96 0 243880 6793408 0 0
 1691 23 3 184 17000 3403228 0 4334368 2221432 24 0 251704 8666556 0 0
 1700 23 4 80 144 1128508 3957484 0 3266580 15544 0 241944 8634268 0 0
 1709 23 5 16 32 1737520 2238088 4048368 0 105608 0 228472 6802116 0 0
 1718 23 6 106240 1456 2200 200 1816 85256 0 151112 473520 0 0 0
 1727 23 7 397200 329952 223016 0 0 0 329544 0 244328 0 0 0
 1736 24 0 0 664984 289896 360 48 16 108168 446968 35208 278688 0 0
 1745 24 1 158360 0 212776 6640 152 112 328 250064 285816 1046032 0 0
 1754 24 2 77472 343080 0 3211192 1065512 1624888 1296 126944 255480 5388800 0 0
 1763 24 3 88 15992 3411128 0 3819952 1919240 256 0 274888 8232968 0 0
 1772 24 4 8 280 647684 4327056 0 3189652 16456 0 253584 6799980 0 0
 1781 24 5 0 24 943620 962400 2151696 0 77224 0 190136 6609288 0 0
 1790 24 6 0 16 96 144 16016 66048 0 298504 430120 0 0 0
 1799 24 7 78024 307664 139576 0 0 0 226288 0 1122480 0 0 0
 1808 25 0 0 47688 166528 40 40 32 75592 281824 115736 1138280 0 0
 1817 25 1 587128 0 445608 16928 336 120 472 352512 39376 119496 0 0
 1826 25 2 164408 95464 0 3306900 1107508 1708164 744 86632 279928 3762032 0 0
 1835 25 3 144 664 1736564 0 5018708 967960 304 0 226624 7948828 0 0
 1844 25 4 32 96 488260 3896784 0 3414204 17824 0 232456 8714276 0 0
 1853 25 5 0 16 1092048 953644 2817276 0 61248 0 181000 5981844 0 0
 1862 25 6 139976 0 1760 136 2800 72128 0 346864 329648 0 0 0
 1871 25 7 362392 15024 111216 0 0 0 173488 0 1067832 0 0 0
 1880 26 0 0 558376 752 72 72 24 19600 328000 89448 1203224 0 0
 1889 26 1 495448 0 61616 1896 104 72 392 236136 256744 955424 0 0
 1898 26 2 234864 299392 0 2352172 1122820 1396588 1120 190368 32792 765092 0 0
 1907 26 3 176 13600 672712 0 3356060 1902420 128 0 257728 5105376 0 0
 1916 26 4 32 216 384 1764512 0 2779276 16808 0 231312 7336544 0 0
 1925 26 5 0 0 40 1244804 3084832 0 47112 0 182312 5972108 0 0
 1934 26 6 136992 2496 64 96 4592 75160 0 355080 344544 0 0 0
 1943 26 7 425056 338392 62592 0 0 0 259440 0 1109584 0 0 0
 1952 27 0 0 621944 185792 24 56 24 90912 413136 87832 1214800 0 0
 1961 27 1 527784 0 396208 192 224 136 2176 307424 216736 1171464 0 0
 1970 27 2 188952 386376 0 16568 782984 1273068 656 83760 271560 3808176 0 0
 1979 27 3 248 17240 1722328 0 5271220 962064 328 0 32776 621976 0 0
 1988 27 4 24 96 1112740 326660 0 2804208 17392 0 274752 8081012 0 0
 1997 27 5 24 24 493696 311148 2285188 0 57432 0 196200 4929100 0 0
 2006 27 6 140376 3064 3224 40 16312 86600 0 352184 470344 0 0 0
 2015 27 7 445104 359680 166272 0 0 0 301424 0 1156504 0 0 0
 2024 28 0 0 534568 235064 168 8 0 109184 371960 96752 1091720 0 0
 2033 28 1 502832 0 376456 17144 8 64 1536 275840 208880 1034240 0 0
 2042 28 2 203368 351000 0 2544200 128 1259060 648 186432 226088 4513164 0 0
 2051 28 3 192 16224 2139808 0 1249460 1275504 48 0 256848 8799764 0 0
 2060 28 4 72 232 1123636 4678296 0 3054296 16496 0 32912 1867384 0 0
 2069 28 5 24 56 649548 1817152 650748 0 53352 0 227576 5435208 0 0
 2078 28 6 138944 3416 3336 144 240 73008 0 347192 489040 0 0 0
 2087 28 7 342984 337504 211536 0 0 0 307744 0 1181424 0 0 0
 2096 29 0 0 508896 275488 136 16 0 106600 421032 97752 1036536 0 0
 2105 29 1 520472 0 305480 928 176 0 1576 332504 195992 985616 0 0
 2114 29 2 227440 389840 0 992264 479228 471668 1408 194032 185424 3100624 0 0
 2123 29 3 248 17112 435004 0 3170008 400 152 0 208336 6135712 0 0
 2132 29 4 80 120 1133104 3766684 0 639548 5784 0 235528 6678596 0 0
 2141 29 5 40 104 951460 1584156 3257596 0 106424 0 32680 1094904 0 0
 2150 29 6 142000 776 576 72 6480 16296 0 347792 539584 0 0 0
 2159 29 7 244096 264792 185088 0 0 0 317816 0 1295360 0 0 0
 2168 30 0 0 470072 251568 216 40 8 0 340720 112832 1009560 0 0
 2177 30 1 495152 0 270160 824 304 88 1536 360296 216944 945376 0 0
 2186 30 2 294184 409104 0 715528 749676 637484 56 237552 230912 5092272 0 0
 2195 30 3 288 17160 1773548 0 2648604 1259576 248 0 206456 6388360 0 0
 2204 30 4 80 224 1119260 3959604 0 3761844 416 0 235216 7215568 0 0
 2213 30 5 0 24 1727884 1918188 4036940 0 7576 0 231304 5529768 0 0
 2222 30 6 32952 1568 1520 216 14808 101584 0 198144 39296 0 0 0
 2231 30 7 299560 264048 179400 0 0 0 29472 0 1136712 0 0 0
 2240 31 0 0 508176 214072 168 48 8 22840 74240 130784 1134400 0 0
 2249 31 1 504680 0 330384 16368 224 136 16 16880 236232 1034608 0 0
 2258 31 2 258416 419640 0 2720544 490636 1459856 232 0 237400 6766968 0 0
 2267 31 3 176 17472 3400324 0 4340060 2223788 80 0 249360 8692284 0 0
 2276 31 4 64 136 1118228 3967196 0 3239520 16424 0 247128 8622776 0 0
 2285 31 5 40 48 1721616 2236484 4036972 0 104328 0 224616 6784100 0 0
 2294 31 6 103864 1568 1752 144 1696 85544 0 151872 470624 0 0 0
 2303 31 7 397920 323688 219392 0 0 0 326784 0 242992 0 0 0
 2312 32 0 0 655784 291680 280 80 24 113624 447440 131512 1111632 0 0
 2321 32 1 583192 0 448616 18344 256 112 520 346432 268704 1028656 0 0
 2330 32 2 227840 300208 0 2357524 1128520 1392644 1032 187056 294080 4461528 0 0
 2339 32 3 280 16424 1731216 0 5262216 974248 320 0 289728 8317020 0 0
 2348 32 4 80 344 1113408 4658008 0 3029544 16792 0 282656 9379288 0 0
 2357 32 5 48 104 946296 1571904 3255628 0 102840 0 253896 5241376 0 0
 2366 32 6 32224 1824 1328 224 14752 98928 0 194192 562832 0 0 0
 2375 32 7 399272 322608 223360 0 0 0 327728 0 1175120 0 0 0