# Format <LP id> <Terminal ID> <Total Data Size> <Avg packet latency> <# Flits/Packets finished> <Avg hops> <Busy Time>
4 0 374336 215106700.721480 1112 2.769018 15644.036389
5 1 506272 315739863.595554 1682 2.383251 19852.530624
6 2 501008 278148426.921703 1404 2.358813 22880.639347
7 3 505344 267115950.027036 1688 2.621652 33991.516603
13 4 496032 322183247.589650 1286 2.418421 51376.419313
14 5 373792 247596001.531223 1024 2.551613 16574.311545
15 6 503040 291881957.265825 1504 2.435894 24914.608738
16 7 623648 414056505.072770 1836 2.348199 55411.922711
22 8 640528 325690251.629095 2232 2.513549 27000.614947
23 9 629120 312172037.407350 2054 2.285373 31226.564806
24 10 627536 389283749.947223 1994 2.261964 47021.208511
25 11 502656 252582955.217050 1374 2.547132 70562.932297
31 12 511216 258336890.642043 1882 2.565602 39316.928429
32 13 637312 354930809.428244 2064 2.275799 108363.091638
33 14 633856 354486938.637870 2102 2.268985 23395.034713
34 15 632544 327855138.373332 2094 2.450148 43580.513754
40 16 633312 298284960.246278 2030 2.472126 43225.489478
41 17 502912 244123718.907288 1472 2.558147 183627.072390
42 18 505744 266366457.865050 1610 2.517804 103291.779221
43 19 635664 330944318.429104 2276 2.491009 117794.893937
49 20 632304 281335108.587671 2102 2.495306 64263.435982
50 21 628800 270475242.554848 1746 2.296001 97584.761196
51 22 636928 269075082.978840 2184 2.328201 128563.011516
52 23 503376 201328981.326401 1594 2.592710 46068.524558
58 24 501872 219994432.184547 1518 2.589814 88332.040218
59 25 636432 310994989.180511 1726 2.325439 85491.718812
60 26 630848 261185188.151212 2072 3.032496 131780.466364
61 27 637600 271801872.214447 2290 3.254797 82813.937742
67 28 630160 243928803.754319 1930 3.200000 74290.227163
68 29 505872 176286596.211251 1538 3.444245 34816.448795
69 30 379504 115964367.582764 1298 2.676833 12404.808035
70 31 507968 221135082.649831 1632 3.409500 48128.192272
76 32 501248 263625053.002682 1514 4.062954 8900.095942
77 33 506320 224537876.919922 1650 3.167140 16867.712761
78 34 507824 201193154.530450 1538 3.202432 11783.572461
79 35 378304 154972840.575295 1166 3.829074 6279.122128
85 36 500784 243069256.748414 1482 3.519679 174153.659037
86 37 633488 329165894.458741 2046 3.078843 114078.313741
87 38 627184 314999532.939318 1922 3.062138 51828.400621
88 39 625760 317820091.723064 1756 3.245692 47063.999342
94 40 627424 384559260.634460 2116 3.123427 106350.570268
95 41 507328 271967298.463948 1644 3.373507 76051.905959
96 42 633792 297782731.501954 2036 3.127587 92407.376735
97 43 762576 486795709.259220 2284 2.961263 248006.189578
103 44 761664 382504775.364115 2242 3.022366 161437.799191
104 45 774320 372997173.733477 3190 2.932633 126254.383719
105 46 759008 430913234.609281 2224 2.868061 61217.681709
106 47 635488 316127544.760174 2064 3.204177 119718.336036
112 48 629184 327115606.731702 1882 3.161469 182762.881703
113 49 771728 446253625.419334 3086 2.891930 183713.994810
114 50 760544 360838463.757759 2274 2.842567 85736.109880
115 51 767632 428233419.403092 2346 2.995333 54337.607631
121 52 769008 475998593.908033 2746 2.955372 70332.664157
122 53 625344 416204297.837906 1742 3.063086 69617.598513
123 54 630992 418520514.257693 1754 3.062319 163348.675467
124 55 764800 494565624.460172 2590 2.953719 129212.117770
130 56 774128 456487822.395815 2856 2.971609 77238.811870
131 57 767760 507804123.772349 2880 2.826597 96371.601482
132 58 760512 476911330.165139 2588 3.317212 106675.841747
133 59 637136 429050814.551219 2266 3.760314 62275.129786
139 60 636784 314914102.220439 1982 3.871861 84335.256034
140 61 760688 364152967.210751 2196 3.466686 90942.169718
141 62 761840 383493933.674069 2700 3.500000 84774.290726
142 63 762656 383123146.981386 2310 4.150903 37915.234372
148 64 770080 431521873.285121 2992 3.778027 49038.196751
149 65 637984 339038812.857605 2176 3.571359 45753.039858
150 66 504912 254162791.961794 1576 3.980941 24955.359543
151 67 634496 318515239.919699 1734 3.613980 30872.606528
157 68 639568 305022381.708323 2616 3.775209 44015.339655
158 69 630960 253071846.378315 1838 3.566627 37434.940386
159 70 631392 260782340.796900 1914 3.092141 45211.046652
160 71 503872 212194082.987236 1552 3.516296 52605.644128
166 72 506160 331265938.634997 1696 3.515194 31946.382140
167 73 630672 372853798.558323 2250 3.083350 26045.810081
168 74 634864 317460124.198148 2238 3.077077 43380.839662
169 75 621872 322664455.771594 1714 3.238040 57253.532125
175 76 629616 397830462.993077 1980 3.143255 242752.175261
176 77 501568 331789801.759746 1444 3.361279 148556.211449
177 78 632528 375270190.557794 1992 3.139186 77274.545197
178 79 756064 472361913.038267 2192 2.970103 136201.087465
184 80 759024 421353623.584404 2276 3.012598 95363.647523
185 81 764400 348405786.432130 2702 2.894807 111748.651662
186 82 772144 418691373.918073 2772 2.898987 152815.410120
187 83 634048 358722883.546558 2126 3.184775 93915.669522
193 84 636880 336506802.475896 2112 3.188737 61575.856776
194 85 764992 458113963.440518 2938 2.889248 111290.903428
195 86 758848 400606155.569722 2330 2.847283 65665.255326
196 87 767888 431414763.560876 2784 3.022641 150111.975620
202 88 756128 434143711.898120 2262 2.895582 145298.038300
203 89 643168 350138170.179873 2450 3.085037 79961.856413
204 90 643248 399328408.122992 2676 3.694923 66891.960386
205 91 776464 452581851.764658 2906 3.489915 166564.653875
211 92 766832 383764717.422911 2946 3.553108 72384.271245
212 93 769120 323894192.905612 2704 3.404081 141515.068780
213 94 763408 404333705.414682 2760 3.379648 98211.676873
214 95 629424 331131565.705509 1796 3.745495 45509.692995
220 96 632080 284852214.312210 2038 3.654382 48257.945913
221 97 767456 398075724.883180 2702 3.302424 37073.059306
222 98 756352 312607000.782964 2286 3.252679 45031.978748
223 99 767936 321995626.887548 2824 3.440858 89671.904647
229 100 757504 397640348.825303 2242 3.523154 166922.541194
230 101 636000 314617274.834977 2076 3.815371 58283.931195
231 102 505200 212939751.914924 1672 3.525392 28481.401389
232 103 630752 296258982.701934 1774 3.249550 190062.957767
238 104 630928 321990819.011902 2220 3.263231 53930.827923
239 105 634848 261053373.522978 2124 3.060004 17879.317280
240 106 630656 259870865.839929 2078 3.065579 30009.284445
241 107 505472 231745162.879684 1584 3.518899 21146.325357
247 108 506112 238997092.412684 1602 3.526156 153583.455445
248 109 637120 323807694.008724 2298 3.101497 90337.980646
249 110 630880 272639754.191308 1932 3.075482 79861.236728
250 111 625072 292068020.214951 1918 3.250852 31756.401153
256 112 634800 347310064.065753 2164 3.128800 218449.035498
257 113 498384 243778100.591730 1354 3.303614 83715.820342
258 114 621584 345714111.638688 1706 3.074734 237513.641656
259 115 770384 423258940.296310 2736 2.989964 264489.989208
265 116 773456 363087644.979588 2964 3.062195 67994.848644
266 117 770144 359773742.428428 3252 2.919959 57688.676424
267 118 758672 386061805.542771 2276 2.847732 93656.254473
268 119 631952 283244042.950317 1916 3.180739 148113.095722
274 120 636224 286099163.109335 2360 3.231576 160460.752436
275 121 756544 398482766.630286 2730 2.902361 169146.471876
276 122 755984 429575091.488403 2346 3.355988 147761.915895
277 123 758992 426329320.358218 2742 3.507558 107494.881364
283 124 759584 356037357.370577 2510 3.384802 95744.076326
284 125 631280 326341468.962782 2010 3.619529 58103.688379
285 126 628784 288815358.430754 1808 3.665916 234691.940109
286 127 761504 402748275.069853 2680 3.952736 145424.378066
292 128 754464 387093632.602726 2322 3.848292 129290.593288
293 129 759936 338005227.817640 2700 3.296417 87889.294024
294 130 766912 334605556.108424 2898 3.265976 56261.879001
295 131 633968 302832893.444800 2316 3.629138 69134.008937
301 132 636192 304046059.815460 2224 3.740184 89746.229323
302 133 771488 370565689.061130 3106 3.365778 83433.104105
303 134 767184 355166164.303831 2770 2.905376 112338.712294
304 135 770032 341706655.911194 2924 3.041600 58060.907976
310 136 759840 318637541.108945 2238 3.051480 64932.299086
311 137 635504 271387628.907489 2226 3.231495 49560.165111
312 138 509328 184902332.715838 1632 3.500429 28185.477140
313 139 635920 274413212.360259 2110 3.245195 35383.258786
319 140 624000 269496240.468346 1722 3.130895 31966.690060
320 141 633840 252870326.150974 2134 2.993608 56445.806651
321 142 629792 233401865.083505 2004 2.991051 19984.277964
322 143 504304 197198796.601480 1404 3.408977 14433.805732
328 144 503760 240207424.538408 1776 3.548699 165765.357050
329 145 619376 309411845.529616 1778 3.039262 131608.450673
330 146 629584 274867440.974880 2218 3.097968 93315.628555
331 147 626448 282378068.148881 1722 3.246928 32397.782916
337 148 633328 301289646.870604 1970 3.195321 163558.919945
338 149 501600 238362406.731938 1598 3.400586 23081.964710
339 150 626816 261331665.674633 1932 3.157837 140340.789094
340 151 773168 339852380.935299 2812 3.047218 133035.970806
346 152 764784 334999448.164819 2308 3.056655 81791.750563
347 153 756832 319971184.844133 2246 2.879686 50103.499546
348 154 769488 355492887.545067 2646 3.361197 60709.019236
349 155 634608 327150069.588799 1792 3.784828 133371.947253
355 156 637280 290648976.765945 2160 3.704625 63005.925659
356 157 762288 355746747.609294 2314 3.313473 183792.703434
357 158 764496 407080797.121709 2770 3.311359 165270.001394
358 159 758112 403307065.804501 2294 3.891906 132357.375458
364 160 761328 394981498.029270 2312 4.001444 145922.812169
365 161 633280 300892125.796616 2072 3.764607 107885.235516
366 162 627632 297688613.871943 1784 3.825153 44086.638486
367 163 758272 356237956.638836 2218 3.552001 115214.478218
373 164 774192 423148883.896915 2992 3.493466 165904.714464
374 165 766672 434353768.371466 2916 3.307258 179749.619853
375 166 762960 362838167.958962 2638 2.787647 70773.248857
376 167 631648 305659469.076307 2008 3.036054 44971.975289
382 168 635248 272862170.163774 2004 3.137511 89898.020275
383 169 762480 334050691.318722 2500 2.831465 43917.890172
384 170 761376 343367312.327159 2738 2.838728 68331.379388
385 171 755872 351903694.287102 2220 2.962864 57195.833612
391 172 772976 340696323.172632 2944 3.035509 87804.077878
392 173 633456 267604842.396309 1894 3.166187 88715.197876
393 174 504480 207477224.585059 1494 3.408163 101453.640879
394 175 630592 294784894.121393 1942 3.161845 36059.727124
400 176 640832 249733095.947283 2434 3.185137 44446.811620
401 177 642640 257579462.943745 2500 2.987339 59735.798599
402 178 636576 223864748.089859 2130 2.982843 61333.365856
403 179 509680 172156782.685032 1818 3.417469 38623.336854
409 180 380576 117312552.413804 1302 2.995168 17130.848401
410 181 504848 173325010.874717 1496 2.508602 33876.257126
411 182 506288 171703680.119045 1580 2.531524 39409.363480
412 183 510208 188988776.774452 1884 2.774994 48877.397207
418 184 502992 181233921.832495 1618 2.773861 125454.561959
419 185 380288 124976929.438571 1366 2.973063 31676.380648
420 186 504880 214224895.572883 1630 3.313180 49430.806365
421 187 637856 333231821.437203 2422 3.112785 50112.823640
427 188 626992 314416545.200687 1736 3.140153 27199.806028
428 189 625600 275660592.793910 1732 2.938956 48561.059068
429 190 635248 283620120.332170 2242 2.994581 21669.254707
430 191 505264 281382316.075595 1580 3.390923 43114.013199
436 192 505824 207667356.891840 1570 3.569013 32373.565547
437 193 636752 214465579.809246 2122 3.123323 49991.733912
438 194 631440 226705447.496131 2024 3.058443 48551.041522
439 195 635680 251491485.691597 2196 3.264111 44852.344486
445 196 629008 298372913.976586 1828 3.185520 42169.665500
446 197 511712 203427940.235954 1750 3.448954 26016.495553
447 198 506832 210821201.616610 1794 2.585823 48994.533079
448 199 640224 261820810.366458 2142 2.516253 80454.635072
454 200 638736 242419658.999167 2238 2.490716 217426.235645
455 201 634752 238548948.469510 2144 2.267719 72573.483408
456 202 639600 257476382.194836 2650 2.322916 42976.948515
457 203 504256 207625983.525445 1550 2.532364 37370.178185
463 204 508400 246449829.462079 1784 2.547904 15052.562122
464 205 633152 276963878.866480 1936 2.246236 18917.553257
465 206 633632 306881726.604660 2220 2.284180 30756.050940
466 207 631856 333103338.201490 1844 2.437039 33434.753092
472 208 635968 282376169.695563 2022 2.482596 28976.275769
473 209 505296 238482705.145670 1458 2.554041 26498.073940
474 210 377184 170606766.690920 1118 2.712346 16983.709230
475 211 503840 224357122.525355 1590 2.568752 19466.440538
481 212 507824 193058396.534661 1726 2.486133 20818.580687
482 213 504656 202417258.765372 1632 2.233205 11613.694284
483 214 504832 207049917.668681 1432 2.249439 17094.450462
484 215 379872 158675818.866858 1122 2.606021 11955.700982
490 216 3045248 2757265522.052211 6652 3.531067 319341.666490
491 217 3023776 3066213779.997032 6496 3.886596 273895.108155
492 218 3023776 2936018068.286237 6496 3.783030 261399.985102
493 219 3023776 2968761555.296033 6496 3.929756 408597.402675
499 220 3045248 2786150272.905242 6652 3.959918 361722.329051
500 221 3023776 2592847432.062619 6496 3.677225 318019.178277
501 222 3023776 2794643257.361992 6496 3.481323 248738.863167
502 223 3023776 3213358843.535515 6496 3.971691 272060.358029
508 224 3045248 3065869256.379269 6652 3.979435 394567.299802
509 225 2991360 3086374594.019759 6236 3.855965 414187.854287
510 226 2991360 2577033127.302098 6236 3.513509 385870.656222
511 227 2991360 2828814193.662838 6236 3.455737 485676.830769
517 228 2991360 2519764322.980658 6236 3.056224 497619.903044
518 229 2991360 2867857561.262519 6236 3.445869 422410.577039
519 230 3023776 2913124204.464010 6496 4.062961 462663.192578
520 231 2991360 2534815095.313752 6236 2.855057 324110.869454
526 232 3023776 2650782065.111565 6496 3.523680 471524.356406
527 233 2991360 2574502646.246371 6236 3.211909 390009.459765
528 234 2991360 2658334676.099300 6236 2.836081 522191.827788
529 235 3023776 2394269166.021299 6496 3.408208 463855.372660
535 236 3023776 2644267330.453733 6496 3.363644 486109.412209
536 237 2991360 2451516226.073578 6236 2.670582 556688.431296
537 238 3023776 2683548604.399077 6496 3.355042 434847.840398
538 239 3023776 2439553487.374124 6496 3.250420 481607.406202
544 240 3045248 2738265978.194919 6652 3.545723 455038.103590
545 241 3023776 2637526342.242876 6496 3.425476 505789.051246
546 242 3023776 2249800489.556828 6496 2.709946 638402.493336
547 243 3023776 2963888587.511191 6496 3.327282 569102.747950
553 244 3045248 3053925663.175531 6652 4.112975 591767.042513
554 245 2991360 2347628813.645308 6236 3.309139 573748.899805
555 246 2991360 2327457264.682066 6236 3.437359 540717.501873
556 247 2991360 2310982092.187523 6236 2.905173 460218.727715
562 248 2991360 2396554791.553568 6236 2.928709 499483.629253
563 249 2991360 2563658970.365429 6236 3.349109 491778.938637
564 250 3023776 2451793536.355587 6496 3.431893 651091.973187
565 251 2991360 2693808020.204193 6236 3.250053 474861.459416
571 252 3023776 2654045433.689051 6496 3.656812 568994.544437
572 253 2991360 2296100046.295397 6236 2.683792 386589.910648
573 254 2991360 3114128366.647447 6236 3.979817 465414.601543
574 255 3023776 2746950284.249279 6496 4.100907 526115.272117
580 256 3023776 3128107319.334834 6496 4.341046 511798.054247
581 257 2991360 2656994397.855062 6236 3.740261 579779.270474
582 258 3023776 2808185919.461785 6496 3.963437 466108.715461
583 259 3023776 2339984729.108999 6496 3.339198 439108.927029
589 260 3045248 2803247857.731483 6652 4.145901 506186.889496
590 261 2991360 2296162834.307700 6236 2.777359 375880.603778
591 262 2991360 2260198824.146236 6236 3.001196 327858.874989
592 263 2991360 2411038739.833759 6236 3.004976 332010.607463
598 264 2991360 2109240994.558070 6236 2.449458 325229.857633
599 265 2991360 2737809401.766424 6236 3.287675 412111.265813
600 266 3023776 3078975468.136445 6496 4.050749 401554.320704
601 267 2991360 2491586259.595149 6236 2.660032 376478.461996
607 268 3023776 3033712863.131666 6496 3.570883 486776.926623
608 269 2991360 2526599627.178055 6236 3.244340 542777.989340
609 270 2991360 2202377732.918593 6236 2.915681 509393.233392
610 271 3023776 2708762866.330276 6496 3.936786 555188.149066
616 272 3023776 2776126120.204442 6496 3.485218 461110.043523
617 273 2991360 2400215989.718049 6236 2.755393 411299.237211
618 274 3023776 2569675475.518236 6496 3.473364 435529.565412
619 275 3023776 2490545019.681353 6496 3.206278 422625.336654
625 276 3045248 2526585048.999322 6652 4.128071 666266.710711
626 277 2947584 2293835340.148649 5820 2.778845 545078.338351
627 278 2947584 2277166470.521688 5820 2.948519 432605.628696
628 279 2947584 2329459757.066579 5820 3.004744 486487.972302
634 280 2947584 2241771229.289390 5820 3.108846 491055.953584
635 281 2947584 2598949565.053213 5820 2.700734 531433.710262
636 282 2947584 2810484908.498178 5820 3.429868 569131.357921
637 283 2947584 2621339458.712645 5820 2.834267 494607.030432
643 284 2947584 3090439402.699867 5820 3.629125 663428.582365
644 285 2947584 2599956629.070583 5820 3.220047 513066.860295
645 286 2991360 2927275929.846165 6236 4.006631 695354.637755
646 287 2947584 3147462747.995620 5820 4.089760 620886.821344
652 288 2991360 3063584387.200574 6236 4.178698 365337.353436
653 289 2947584 2554809287.300899 5820 3.090716 441308.894569
654 290 2991360 2765219772.308760 6236 3.469192 405217.620191
655 291 2947584 2628352007.493670 5820 2.833398 344624.139058
661 292 2991360 2392539958.683953 6236 3.216544 585215.416381
662 293 2947584 2404995352.549716 5820 3.355773 611510.318225
663 294 2947584 2294183607.389828 5820 2.914409 546706.721548
664 295 2991360 2988671695.948689 6236 3.486481 631914.831008
670 296 2991360 2781348644.322895 6236 3.040120 456732.894708
671 297 2947584 2373708794.621304 5820 3.216085 456966.057379
672 298 2947584 2061054082.852949 5820 2.841541 423720.086661
673 299 2991360 2722696416.202529 6236 3.307195 423562.460467
679 300 2991360 2228309264.334426 6236 3.111027 544161.413885
680 301 2947584 2204446166.240531 5820 2.738861 607677.720801
681 302 2991360 2142056381.588499 6236 2.978237 517166.300089
682 303 2991360 2546161240.105210 6236 2.890009 457474.646704
688 304 3023776 2728435174.976356 6496 3.493092 442141.750265
689 305 2947584 1993821341.989707 5820 2.163431 500926.759178
690 306 2991360 2065339520.842817 6236 2.942196 407557.484093
691 307 2991360 2545383115.412942 6236 2.865277 477228.726503
697 308 3023776 2499541395.998549 6496 3.523237 671581.302078
698 309 2947584 2561758559.255394 5820 3.201429 587597.686912
699 310 2947584 2545086331.689816 5820 2.858574 574181.661509
700 311 2947584 2295883143.042947 5820 3.369431 484695.549026
706 312 2947584 2204899851.877605 5820 3.063271 572869.961450
707 313 2991360 2711937161.778376 6236 3.269019 495230.594441
708 314 2991360 2548345989.784524 6236 3.601053 451743.303886
709 315 2991360 2829824659.230927 6236 3.410907 575043.153289
715 316 2991360 2376298395.080664 6236 3.783328 433099.542250
716 317 2947584 2100286133.067855 5820 2.837328 615830.421323
717 318 2991360 2840693309.091860 6236 4.106691 554446.173763
718 319 2947584 2780269624.799569 5820 3.486831 534599.217910
724 320 2991360 2815071077.750103 6236 4.102911 443178.673801
725 321 2991360 2749186985.866085 6236 3.708737 364776.335639
726 322 3023776 2685143942.060512 6496 3.965696 448125.517174
727 323 2991360 2816594178.842224 6236 3.453142 445078.396316
733 324 3023776 2638005693.783938 6496 3.089507 474226.778550
734 325 2947584 2254087541.682547 5820 3.140557 407615.778062
735 326 2947584 2276852082.412632 5820 2.842084 508297.328537
736 327 2991360 2593643797.909621 6236 3.421778 541377.175154
742 328 2991360 2242903338.829401 6236 3.019734 619520.684223
743 329 2991360 2620941297.403814 6236 3.181880 542983.895756
744 330 2991360 2459695773.081878 6236 2.863269 573459.924790
745 331 3023776 2901780448.486494 6496 3.199628 682419.928023
751 332 3023776 2534591727.614068 6496 3.142969 571801.247405
752 333 2947584 2236906661.440616 5820 2.648385 341084.432284
753 334 2991360 2309441690.425692 6236 2.919087 378391.018078
754 335 2991360 2486901408.664272 6236 2.870211 382633.952738
760 336 3023776 2561674672.353259 6496 3.518181 657857.680538
761 337 2991360 2189082936.006552 6236 2.302433 546397.575761
762 338 3023776 2332592270.420257 6496 3.004011 618287.503786
763 339 3023776 2405761396.686118 6496 2.980927 535058.676830
769 340 3045248 2465673297.504375 6652 3.399193 489918.219441
770 341 32064632 3686177068.300138 84608 3.471439 12606.147340
771 342 38753880 4303888812.252144 96717 3.377783 84601.337781
772 343 38747532 4204420616.280614 96726 2.912543 287332.219549
778 344 32493596 3877099994.711670 82011 3.337937 160961.670296
779 345 39178140 4371089343.204369 100852 2.786465 118717.186352
780 346 33751788 3874574204.046719 83649 3.063501 170102.252955
781 347 27933140 2677189000.175883 73021 3.439823 21743.875595
787 348 39596272 4285840165.405395 101494 3.143544 28834.469746
788 349 32916208 3390520761.546805 82004 3.559902 41037.094794
789 350 32920828 3141266106.367163 85442 3.106643 53726.342975
790 351 36667572 3430027792.854727 93411 3.818810 0.000000
796 352 32910660 3220436412.064532 81989 3.743923 15435.676995
797 353 29573788 2948041110.736917 76974 3.886869 2161.061748
798 354 40411528 4101672647.695759 102403 2.071739 34477.145033
799 355 32504728 3485619225.349496 80566 2.726425 48609.582510
805 356 32523708 3851836779.625754 84033 2.785532 48280.322274
806 357 36259468 4353144424.767373 91917 2.408488 35207.427577
807 358 32504832 3989009338.904828 80543 2.745324 27492.084258
808 359 33341032 3543592891.576652 86894 2.743453 31764.460232
814 360 36672956 3593291481.519025 92954 2.543124 216837.597760
815 361 32502664 3890560378.573431 80550 2.705108 1156590.734314
816 362 32501036 4084027658.778577 84014 2.492122 1456528.817742
817 363 36248328 4166682760.058220 91859 2.627209 932142.270379
823 364 32504220 3601568048.857811 80568 2.767588 195.431577
824 365 34582828 3930964303.868464 89386 2.622666 489.396865
825 366 32086876 3216490365.487066 84683 2.612522 56.085991
826 367 38747032 4774878415.811313 96728 2.582770 93.165331
832 368 38731736 4614767181.347053 96707 2.410605 622273.282269
833 369 32491384 4010857498.906364 82040 2.604928 689283.542314
834 370 39173636 4610964728.079077 100853 2.417447 1340451.596539
835 371 33754344 3843135044.772760 83633 2.666427 109644.101436
841 372 27919224 3089423484.511360 72990 3.178169 5058.075800
842 373 39597368 4328737278.112491 101486 2.040398 93272.316698
843 374 32923868 4119951014.336407 82101 2.221294 679503.291640
844 375 32925724 3159441906.511980 85448 2.215453 497025.716232
850 376 36670540 4414212719.524057 93358 2.108997 58125.821608
851 377 32918448 4282298918.550257 82005 2.071259 63446.315025
852 378 29578180 3041230566.968241 76880 2.310656 145.913200
853 379 40403288 4154836711.275763 102369 2.888597 41374.183811
859 380 32501204 3158151844.598243 80568 3.272149 0.000000
860 381 32497604 2956189314.431590 84032 3.165626 3222.164284
861 382 36249024 3366327762.967908 91890 3.757907 5023.243428
862 383 32504212 3035904407.007923 80569 3.154280 844.802484
868 384 33338416 3258513885.394203 86940 3.915610 0.000000
869 385 36664632 3585903645.186862 92949 2.447821 41742.848424
870 386 32504460 3574914976.691844 80609 3.207550 83816.304638
871 387 32512656 3493889445.578780 84082 3.201125 70278.655575
877 388 36240660 3864695665.473092 91839 3.037757 391275.163631
878 389 32489448 3849397854.852215 80477 3.222447 426384.462472
879 390 34567788 3287177096.852840 89328 3.199860 80950.156695
880 391 32073480 2571577343.861145 84700 2.366887 0.000000
886 392 38736336 4131256434.181698 96743 2.269066 258556.306596
887 393 38740296 3788897258.322773 96728 1.999286 7618.673341
888 394 32488240 3077247866.369222 82008 2.320001 5335.684817
889 395 39180064 3631410215.381067 100918 2.179189 1500.680698
895 396 33726884 3329122567.883618 83569 2.399241 1739.537236
896 397 27921168 2530397881.680253 72986 2.567460 2361.935846
897 398 39579236 3689561576.407218 101487 2.488005 8024.390958
898 399 32905348 3259180093.126093 81992 2.781350 84103.569180
904 400 32909292 3364135987.464776 85428 2.896498 17027.953127
905 401 36652636 3471984782.961779 93322 2.510744 38931.980478
906 402 32895816 3679915930.028116 81978 2.826721 51038.583584
907 403 29578936 2704358400.155696 76989 2.924964 9366.551742
913 404 40428396 4405998729.595555 102409 2.423517 52866.652578
914 405 32503148 3746083568.030807 80581 2.619776 312122.125564
915 406 32494276 2795682394.638203 83974 2.498258 274230.116857
916 407 36263460 3711745536.634878 91963 2.640582 193181.257714
922 408 32508192 3561735179.355838 80579 2.840331 9125.116869
923 409 33336608 3141775782.553270 86910 2.716870 5000.728320
924 410 36652080 3409967465.993170 92881 2.664939 1685.078662
925 411 32505128 3259955919.709182 80581 2.641721 0.000000
931 412 32510492 4022306179.476921 84009 2.780415 65356.415758
932 413 36243032 3874522846.574151 91853 2.402682 89523.991786
933 414 32505740 4333584422.355032 80573 2.664398 92657.174638
934 415 34588544 4068883807.088095 89342 2.632552 43277.988828
940 416 32073304 3313093412.499114 84725 2.679423 0.000000
941 417 38745076 4544079141.397690 96708 2.553988 425277.516990
942 418 38745084 4473211867.971894 96674 2.569381 145876.143435
943 419 32498812 3926656310.522810 81971 2.666732 343386.470108
949 420 39165496 4308505767.441504 100800 2.595674 8340.373254
950 421 33745704 3838644344.446686 83687 2.534308 8557.456680
951 422 27913272 2294259481.398846 72964 2.923870 5780.038932
952 423 39598796 3959357015.469795 101491 2.606813 6817.547122
958 424 32917712 3119437149.114939 82034 2.980562 73.957605
959 425 32923360 2995910059.319059 85516 2.874734 121523.540006
960 426 36667220 3776914058.736208 93268 2.684022 44052.863454
961 427 32905384 3616599788.105643 82024 2.651010 78739.385077
967 428 29579992 2682324546.116690 76940 2.994216 0.000000
968 429 40416496 4168210010.383266 102446 2.358844 39950.509157
969 430 32493152 3505419117.450394 80473 2.813207 218824.498003
970 431 32496836 2970281200.876280 83977 2.806891 180113.978117
976 432 36249616 3950492001.571182 91856 2.494082 62189.956298
977 433 32503208 3868413393.334085 80567 2.668311 45546.703370
978 434 33340156 3033434487.771073 86877 2.578306 29409.184731
979 435 36649744 3409279315.775246 92860 2.709985 5260.221151
985 436 32486248 3250281459.816193 80548 2.871332 0.000000
986 437 32505608 3728854187.352624 83973 2.767615 32079.263436
987 438 36236440 3640378126.510162 91869 2.493881 15051.190949
988 439 32472632 3664118927.698382 80482 2.437368 27318.938611
994 440 34549172 3550130915.094285 89249 2.697906 0.000000
995 441 0 0.000000 0 -nan 0.000000
996 442 0 0.000000 0 -nan 0.000000
997 443 0 0.000000 0 -nan 0.000000
1003 444 0 0.000000 0 -nan 0.000000
1004 445 0 0.000000 0 -nan 0.000000
1005 446 0 0.000000 0 -nan 0.000000
1006 447 0 0.000000 0 -nan 0.000000
1012 448 0 0.000000 0 -nan 0.000000
1013 449 0 0.000000 0 -nan 0.000000
1014 450 0 0.000000 0 -nan 0.000000
1015 451 0 0.000000 0 -nan 0.000000
1021 452 0 0.000000 0 -nan 0.000000
1022 453 0 0.000000 0 -nan 0.000000
1023 454 0 0.000000 0 -nan 0.000000
1024 455 0 0.000000 0 -nan 0.000000
1030 456 0 0.000000 0 -nan 0.000000
1031 457 0 0.000000 0 -nan 0.000000
1032 458 0 0.000000 0 -nan 0.000000
1033 459 0 0.000000 0 -nan 0.000000
1039 460 0 0.000000 0 -nan 0.000000
1040 461 0 0.000000 0 -nan 0.000000
1041 462 0 0.000000 0 -nan 0.000000
1042 463 0 0.000000 0 -nan 0.000000
1048 464 0 0.000000 0 -nan 0.000000
1049 465 0 0.000000 0 -nan 0.000000
1050 466 0 0.000000 0 -nan 0.000000
1051 467 0 0.000000 0 -nan 0.000000
1057 468 0 0.000000 0 -nan 0.000000
1058 469 0 0.000000 0 -nan 0.000000
1059 470 0 0.000000 0 -nan 0.000000
1060 471 0 0.000000 0 -nan 0.000000
1066 472 0 0.000000 0 -nan 0.000000
1067 473 0 0.000000 0 -nan 0.000000
1068 474 0 0.000000 0 -nan 0.000000
1069 475 0 0.000000 0 -nan 0.000000
1075 476 0 0.000000 0 -nan 0.000000
1076 477 0 0.000000 0 -nan 0.000000
1077 478 0 0.000000 0 -nan 0.000000
1078 479 0 0.000000 0 -nan 0.000000
1084 480 0 0.000000 0 -nan 0.000000
1085 481 0 0.000000 0 -nan 0.000000
1086 482 0 0.000000 0 -nan 0.000000
1087 483 0 0.000000 0 -nan 0.000000
1093 484 0 0.000000 0 -nan 0.000000
1094 485 0 0.000000 0 -nan 0.000000
1095 486 0 0.000000 0 -nan 0.000000
1096 487 0 0.000000 0 -nan 0.000000
1102 488 0 0.000000 0 -nan 0.000000
1103 489 0 0.000000 0 -nan 0.000000
1104 490 0 0.000000 0 -nan 0.000000
1105 491 0 0.000000 0 -nan 0.000000
1111 492 0 0.000000 0 -nan 0.000000
1112 493 0 0.000000 0 -nan 0.000000
1113 494 0 0.000000 0 -nan 0.000000
1114 495 0 0.000000 0 -nan 0.000000
1120 496 0 0.000000 0 -nan 0.000000
1121 497 0 0.000000 0 -nan 0.000000
1122 498 0 0.000000 0 -nan 0.000000
1123 499 0 0.000000 0 -nan 0.000000
1129 500 0 0.000000 0 -nan 0.000000
1130 501 0 0.000000 0 -nan 0.000000
1131 502 0 0.000000 0 -nan 0.000000
1132 503 0 0.000000 0 -nan 0.000000
1138 504 0 0.000000 0 -nan 0.000000
1139 505 0 0.000000 0 -nan 0.000000
1140 506 0 0.000000 0 -nan 0.000000
1141 507 0 0.000000 0 -nan 0.000000
1147 508 0 0.000000 0 -nan 0.000000
1148 509 0 0.000000 0 -nan 0.000000
1149 510 0 0.000000 0 -nan 0.000000
1150 511 0 0.000000 0 -nan 0.000000
1156 512 0 0.000000 0 -nan 0.000000
1157 513 0 0.000000 0 -nan 0.000000
1158 514 0 0.000000 0 -nan 0.000000
1159 515 0 0.000000 0 -nan 0.000000
1165 516 0 0.000000 0 -nan 0.000000
1166 517 0 0.000000 0 -nan 0.000000
1167 518 0 0.000000 0 -nan 0.000000
1168 519 0 0.000000 0 -nan 0.000000
1174 520 0 0.000000 0 -nan 0.000000
1175 521 0 0.000000 0 -nan 0.000000
1176 522 0 0.000000 0 -nan 0.000000
1177 523 0 0.000000 0 -nan 0.000000
1183 524 0 0.000000 0 -nan 0.000000
1184 525 0 0.000000 0 -nan 0.000000
1185 526 0 0.000000 0 -nan 0.000000
1186 527 0 0.000000 0 -nan 0.000000
1192 528 0 0.000000 0 -nan 0.000000
1193 529 0 0.000000 0 -nan 0.000000
1194 530 0 0.000000 0 -nan 0.000000
1195 531 0 0.000000 0 -nan 0.000000
1201 532 0 0.000000 0 -nan 0.000000
1202 533 0 0.000000 0 -nan 0.000000
1203 534 0 0.000000 0 -nan 0.000000
1204 535 0 0.000000 0 -nan 0.000000
1210 536 0 0.000000 0 -nan 0.000000
1211 537 0 0.000000 0 -nan 0.000000
1212 538 0 0.000000 0 -nan 0.000000
1213 539 0 0.000000 0 -nan 0.000000
1219 540 0 0.000000 0 -nan 0.000000
1220 541 0 0.000000 0 -nan 0.000000
1221 542 0 0.000000 0 -nan 0.000000
1222 543 0 0.000000 0 -nan 0.000000
1228 544 0 0.000000 0 -nan 0.000000
1229 545 0 0.000000 0 -nan 0.000000
1230 546 0 0.000000 0 -nan 0.000000
1231 547 0 0.000000 0 -nan 0.000000
1237 548 0 0.000000 0 -nan 0.000000
1238 549 0 0.000000 0 -nan 0.000000
1239 550 0 0.000000 0 -nan 0.000000
1240 551 0 0.000000 0 -nan 0.000000
1246 552 0 0.000000 0 -nan 0.000000
1247 553 0 0.000000 0 -nan 0.000000
1248 554 0 0.000000 0 -nan 0.000000
1249 555 0 0.000000 0 -nan 0.000000
1255 556 0 0.000000 0 -nan 0.000000
1256 557 0 0.000000 0 -nan 0.000000
1257 558 0 0.000000 0 -nan 0.000000
1258 559 0 0.000000 0 -nan 0.000000
1264 560 0 0.000000 0 -nan 0.000000
1265 561 0 0.000000 0 -nan 0.000000
1266 562 0 0.000000 0 -nan 0.000000
1267 563 0 0.000000 0 -nan 0.000000
1273 564 0 0.000000 0 -nan 0.000000
1274 565 0 0.000000 0 -nan 0.000000
1275 566 0 0.000000 0 -nan 0.000000
1276 567 0 0.000000 0 -nan 0.000000
1282 568 0 0.000000 0 -nan 0.000000
1283 569 0 0.000000 0 -nan 0.000000
1284 570 0 0.000000 0 -nan 0.000000
1285 571 0 0.000000 0 -nan 0.000000
1291 572 0 0.000000 0 -nan 0.000000
1292 573 0 0.000000 0 -nan 0.000000
1293 574 0 0.000000 0 -nan 0.000000
1294 575 0 0.000000 0 -nan 0.000000
1300 576 0 0.000000 0 -nan 0.000000
1301 577 0 0.000000 0 -nan 0.000000
1302 578 0 0.000000 0 -nan 0.000000
1303 579 0 0.000000 0 -nan 0.000000
1309 580 0 0.000000 0 -nan 0.000000
1310 581 0 0.000000 0 -nan 0.000000
1311 582 0 0.000000 0 -nan 0.000000
1312 583 0 0.000000 0 -nan 0.000000
1318 584 0 0.000000 0 -nan 0.000000
1319 585 0 0.000000 0 -nan 0.000000
1320 586 0 0.000000 0 -nan 0.000000
1321 587 0 0.000000 0 -nan 0.000000
1327 588 0 0.000000 0 -nan 0.000000
1328 589 0 0.000000 0 -nan 0.000000
1329 590 0 0.000000 0 -nan 0.000000
1330 591 0 0.000000 0 -nan 0.000000
1336 592 0 0.000000 0 -nan 0.000000
1337 593 0 0.000000 0 -nan 0.000000
1338 594 0 0.000000 0 -nan 0.000000
1339 595 0 0.000000 0 -nan 0.000000
1345 596 0 0.000000 0 -nan 0.000000
1346 597 0 0.000000 0 -nan 0.000000
1347 598 0 0.000000 0 -nan 0.000000
1348 599 0 0.000000 0 -nan 0.000000
1354 600 0 0.000000 0 -nan 0.000000
1355 601 0 0.000000 0 -nan 0.000000
1356 602 0 0.000000 0 -nan 0.000000
1357 603 0 0.000000 0 -nan 0.000000
1363 604 0 0.000000 0 -nan 0.000000
1364 605 0 0.000000 0 -nan 0.000000
1365 606 0 0.000000 0 -nan 0.000000
1366 607 0 0.000000 0 -nan 0.000000
1372 608 0 0.000000 0 -nan 0.000000
1373 609 0 0.000000 0 -nan 0.000000
1374 610 0 0.000000 0 -nan 0.000000
1375 611 0 0.000000 0 -nan 0.000000
1381 612 0 0.000000 0 -nan 0.000000
1382 613 0 0.000000 0 -nan 0.000000
1383 614 0 0.000000 0 -nan 0.000000
1384 615 0 0.000000 0 -nan 0.000000
1390 616 0 0.000000 0 -nan 0.000000
1391 617 0 0.000000 0 -nan 0.000000
1392 618 0 0.000000 0 -nan 0.000000
1393 619 0 0.000000 0 -nan 0.000000
1399 620 0 0.000000 0 -nan 0.000000
1400 621 0 0.000000 0 -nan 0.000000
1401 622 0 0.000000 0 -nan 0.000000
1402 623 0 0.000000 0 -nan 0.000000
1408 624 0 0.000000 0 -nan 0.000000
1409 625 0 0.000000 0 -nan 0.000000
1410 626 0 0.000000 0 -nan 0.000000
1411 627 0 0.000000 0 -nan 0.000000
1417 628 0 0.000000 0 -nan 0.000000
1418 629 0 0.000000 0 -nan 0.000000
1419 630 0 0.000000 0 -nan 0.000000
1420 631 0 0.000000 0 -nan 0.000000
1426 632 0 0.000000 0 -nan 0.000000
1427 633 0 0.000000 0 -nan 0.000000
1428 634 0 0.000000 0 -nan 0.000000
1429 635 0 0.000000 0 -nan 0.000000
1435 636 0 0.000000 0 -nan 0.000000
1436 637 0 0.000000 0 -nan 0.000000
1437 638 0 0.000000 0 -nan 0.000000
1438 639 0 0.000000 0 -nan 0.000000
1444 640 0 0.000000 0 -nan 0.000000
1445 641 0 0.000000 0 -nan 0.000000
1446 642 0 0.000000 0 -nan 0.000000
1447 643 0 0.000000 0 -nan 0.000000
1453 644 0 0.000000 0 -nan 0.000000
1454 645 0 0.000000 0 -nan 0.000000
1455 646 0 0.000000 0 -nan 0.000000
1456 647 0 0.000000 0 -nan 0.000000
1462 648 0 0.000000 0 -nan 0.000000
1463 649 0 0.000000 0 -nan 0.000000
1464 650 0 0.000000 0 -nan 0.000000
1465 651 0 0.000000 0 -nan 0.000000
1471 652 0 0.000000 0 -nan 0.000000
1472 653 0 0.000000 0 -nan 0.000000
1473 654 0 0.000000 0 -nan 0.000000
1474 655 0 0.000000 0 -nan 0.000000
1480 656 0 0.000000 0 -nan 0.000000
1481 657 0 0.000000 0 -nan 0.000000
1482 658 0 0.000000 0 -nan 0.000000
1483 659 0 0.000000 0 -nan 0.000000
1489 660 0 0.000000 0 -nan 0.000000
1490 661 0 0.000000 0 -nan 0.000000
1491 662 0 0.000000 0 -nan 0.000000
1492 663 0 0.000000 0 -nan 0.000000
1498 664 0 0.000000 0 -nan 0.000000
1499 665 0 0.000000 0 -nan 0.000000
1500 666 0 0.000000 0 -nan 0.000000
1501 667 0 0.000000 0 -nan 0.000000
1507 668 0 0.000000 0 -nan 0.000000
1508 669 0 0.000000 0 -nan 0.000000
1509 670 0 0.000000 0 -nan 0.000000
1510 671 0 0.000000 0 -nan 0.000000
1516 672 0 0.000000 0 -nan 0.000000
1517 673 0 0.000000 0 -nan 0.000000
1518 674 0 0.000000 0 -nan 0.000000
1519 675 0 0.000000 0 -nan 0.000000
1525 676 0 0.000000 0 -nan 0.000000
1526 677 0 0.000000 0 -nan 0.000000
1527 678 0 0.000000 0 -nan 0.000000
1528 679 0 0.000000 0 -nan 0.000000
1534 680 0 0.000000 0 -nan 0.000000
1535 681 0 0.000000 0 -nan 0.000000
1536 682 0 0.000000 0 -nan 0.000000
1537 683 0 0.000000 0 -nan 0.000000
1543 684 0 0.000000 0 -nan 0.000000
1544 685 0 0.000000 0 -nan 0.000000
1545 686 0 0.000000 0 -nan 0.000000
1546 687 0 0.000000 0 -nan 0.000000
1552 688 0 0.000000 0 -nan 0.000000
1553 689 0 0.000000 0 -nan 0.000000
1554 690 0 0.000000 0 -nan 0.000000
1555 691 0 0.000000 0 -nan 0.000000
1561 692 0 0.000000 0 -nan 0.000000
1562 693 0 0.000000 0 -nan 0.000000
1563 694 0 0.000000 0 -nan 0.000000
1564 695 0 0.000000 0 -nan 0.000000
1570 696 0 0.000000 0 -nan 0.000000
1571 697 0 0.000000 0 -nan 0.000000
1572 698 0 0.000000 0 -nan 0.000000
1573 699 0 0.000000 0 -nan 0.000000
1579 700 0 0.000000 0 -nan 0.000000
1580 701 0 0.000000 0 -nan 0.000000
1581 702 0 0.000000 0 -nan 0.000000
1582 703 0 0.000000 0 -nan 0.000000
1588 704 0 0.000000 0 -nan 0.000000
1589 705 0 0.000000 0 -nan 0.000000
1590 706 0 0.000000 0 -nan 0.000000
1591 707 0 0.000000 0 -nan 0.000000
1597 708 0 0.000000 0 -nan 0.000000
1598 709 0 0.000000 0 -nan 0.000000
1599 710 0 0.000000 0 -nan 0.000000
1600 711 0 0.000000 0 -nan 0.000000
1606 712 0 0.000000 0 -nan 0.000000
1607 713 0 0.000000 0 -nan 0.000000
1608 714 0 0.000000 0 -nan 0.000000
1609 715 0 0.000000 0 -nan 0.000000
1615 716 0 0.000000 0 -nan 0.000000
1616 717 0 0.000000 0 -nan 0.000000
1617 718 0 0.000000 0 -nan 0.000000
1618 719 0 0.000000 0 -nan 0.000000
1624 720 0 0.000000 0 -nan 0.000000
1625 721 0 0.000000 0 -nan 0.000000
1626 722 0 0.000000 0 -nan 0.000000
1627 723 0 0.000000 0 -nan 0.000000
1633 724 0 0.000000 0 -nan 0.000000
1634 725 0 0.000000 0 -nan 0.000000
1635 726 0 0.000000 0 -nan 0.000000
1636 727 0 0.000000 0 -nan 0.000000
1642 728 0 0.000000 0 -nan 0.000000
1643 729 0 0.000000 0 -nan 0.000000
1644 730 0 0.000000 0 -nan 0.000000
1645 731 0 0.000000 0 -nan 0.000000
1651 732 0 0.000000 0 -nan 0.000000
1652 733 0 0.000000 0 -nan 0.000000
1653 734 0 0.000000 0 -nan 0.000000
1654 735 0 0.000000 0 -nan 0.000000
1660 736 0 0.000000 0 -nan 0.000000
1661 737 0 0.000000 0 -nan 0.000000
1662 738 0 0.000000 0 -nan 0.000000
1663 739 0 0.000000 0 -nan 0.000000
1669 740 0 0.000000 0 -nan 0.000000
1670 741 0 0.000000 0 -nan 0.000000
1671 742 0 0.000000 0 -nan 0.000000
1672 743 0 0.000000 0 -nan 0.000000
1678 744 0 0.000000 0 -nan 0.000000
1679 745 0 0.000000 0 -nan 0.000000
1680 746 0 0.000000 0 -nan 0.000000
1681 747 0 0.000000 0 -nan 0.000000
1687 748 0 0.000000 0 -nan 0.000000
1688 749 0 0.000000 0 -nan 0.000000
1689 750 0 0.000000 0 -nan 0.000000
1690 751 0 0.000000 0 -nan 0.000000
1696 752 0 0.000000 0 -nan 0.000000
1697 753 0 0.000000 0 -nan 0.000000
1698 754 0 0.000000 0 -nan 0.000000
1699 755 0 0.000000 0 -nan 0.000000
1705 756 0 0.000000 0 -nan 0.000000
1706 757 0 0.000000 0 -nan 0.000000
1707 758 0 0.000000 0 -nan 0.000000
1708 759 0 0.000000 0 -nan 0.000000
1714 760 0 0.000000 0 -nan 0.000000
1715 761 0 0.000000 0 -nan 0.000000
1716 762 0 0.000000 0 -nan 0.000000
1717 763 0 0.000000 0 -nan 0.000000
1723 764 0 0.000000 0 -nan 0.000000
1724 765 0 0.000000 0 -nan 0.000000
1725 766 0 0.000000 0 -nan 0.000000
1726 767 0 0.000000 0 -nan 0.000000
1732 768 0 0.000000 0 -nan 0.000000
1733 769 0 0.000000 0 -nan 0.000000
1734 770 0 0.000000 0 -nan 0.000000
1735 771 0 0.000000 0 -nan 0.000000
1741 772 0 0.000000 0 -nan 0.000000
1742 773 0 0.000000 0 -nan 0.000000
1743 774 0 0.000000 0 -nan 0.000000
1744 775 0 0.000000 0 -nan 0.000000
1750 776 0 0.000000 0 -nan 0.000000
1751 777 0 0.000000 0 -nan 0.000000
1752 778 0 0.000000 0 -nan 0.000000
1753 779 0 0.000000 0 -nan 0.000000
1759 780 0 0.000000 0 -nan 0.000000
1760 781 0 0.000000 0 -nan 0.000000
1761 782 0 0.000000 0 -nan 0.000000
1762 783 0 0.000000 0 -nan 0.000000
1768 784 0 0.000000 0 -nan 0.000000
1769 785 0 0.000000 0 -nan 0.000000
1770 786 0 0.000000 0 -nan 0.000000
1771 787 0 0.000000 0 -nan 0.000000
1777 788 0 0.000000 0 -nan 0.000000
1778 789 0 0.000000 0 -nan 0.000000
1779 790 0 0.000000 0 -nan 0.000000
1780 791 0 0.000000 0 -nan 0.000000
1786 792 0 0.000000 0 -nan 0.000000
1787 793 0 0.000000 0 -nan 0.000000
1788 794 0 0.000000 0 -nan 0.000000
1789 795 0 0.000000 0 -nan 0.000000
1795 796 0 0.000000 0 -nan 0.000000
1796 797 0 0.000000 0 -nan 0.000000
1797 798 0 0.000000 0 -nan 0.000000
1798 799 0 0.000000 0 -nan 0.000000
1804 800 0 0.000000 0 -nan 0.000000
1805 801 0 0.000000 0 -nan 0.000000
1806 802 0 0.000000 0 -nan 0.000000
1807 803 0 0.000000 0 -nan 0.000000
1813 804 0 0.000000 0 -nan 0.000000
1814 805 0 0.000000 0 -nan 0.000000
1815 806 0 0.000000 0 -nan 0.000000
1816 807 0 0.000000 0 -nan 0.000000
1822 808 0 0.000000 0 -nan 0.000000
1823 809 0 0.000000 0 -nan 0.000000
1824 810 0 0.000000 0 -nan 0.000000
1825 811 0 0.000000 0 -nan 0.000000
1831 812 0 0.000000 0 -nan 0.000000
1832 813 0 0.000000 0 -nan 0.000000
1833 814 0 0.000000 0 -nan 0.000000
1834 815 0 0.000000 0 -nan 0.000000
1840 816 0 0.000000 0 -nan 0.000000
1841 817 0 0.000000 0 -nan 0.000000
1842 818 0 0.000000 0 -nan 0.000000
1843 819 0 0.000000 0 -nan 0.000000
1849 820 0 0.000000 0 -nan 0.000000
1850 821 0 0.000000 0 -nan 0.000000
1851 822 0 0.000000 0 -nan 0.000000
1852 823 0 0.000000 0 -nan 0.000000
1858 824 0 0.000000 0 -nan 0.000000
1859 825 0 0.000000 0 -nan 0.000000
1860 826 0 0.000000 0 -nan 0.000000
1861 827 0 0.000000 0 -nan 0.000000
1867 828 0 0.000000 0 -nan 0.000000
1868 829 0 0.000000 0 -nan 0.000000
1869 830 0 0.000000 0 -nan 0.000000
1870 831 0 0.000000 0 -nan 0.000000
1876 832 0 0.000000 0 -nan 0.000000
1877 833 0 0.000000 0 -nan 0.000000
1878 834 0 0.000000 0 -nan 0.000000
1879 835 0 0.000000 0 -nan 0.000000
1885 836 0 0.000000 0 -nan 0.000000
1886 837 0 0.000000 0 -nan 0.000000
1887 838 0 0.000000 0 -nan 0.000000
1888 839 0 0.000000 0 -nan 0.000000
1894 840 0 0.000000 0 -nan 0.000000
1895 841 0 0.000000 0 -nan 0.000000
1896 842 0 0.000000 0 -nan 0.000000
1897 843 0 0.000000 0 -nan 0.000000
1903 844 0 0.000000 0 -nan 0.000000
1904 845 0 0.000000 0 -nan 0.000000
1905 846 0 0.000000 0 -nan 0.000000
1906 847 0 0.000000 0 -nan 0.000000
1912 848 0 0.000000 0 -nan 0.000000
1913 849 0 0.000000 0 -nan 0.000000
1914 850 0 0.000000 0 -nan 0.000000
1915 851 0 0.000000 0 -nan 0.000000
1921 852 0 0.000000 0 -nan 0.000000
1922 853 0 0.000000 0 -nan 0.000000
1923 854 0 0.000000 0 -nan 0.000000
1924 855 0 0.000000 0 -nan 0.000000
1930 856 0 0.000000 0 -nan 0.000000
1931 857 0 0.000000 0 -nan 0.000000
1932 858 0 0.000000 0 -nan 0.000000
1933 859 0 0.000000 0 -nan 0.000000
1939 860 0 0.000000 0 -nan 0.000000
1940 861 0 0.000000 0 -nan 0.000000
1941 862 0 0.000000 0 -nan 0.000000
1942 863 0 0.000000 0 -nan 0.000000
1948 864 0 0.000000 0 -nan 0.000000
1949 865 0 0.000000 0 -nan 0.000000
1950 866 0 0.000000 0 -nan 0.000000
1951 867 0 0.000000 0 -nan 0.000000
1957 868 0 0.000000 0 -nan 0.000000
1958 869 0 0.000000 0 -nan 0.000000
1959 870 0 0.000000 0 -nan 0.000000
1960 871 0 0.000000 0 -nan 0.000000
1966 872 0 0.000000 0 -nan 0.000000
1967 873 0 0.000000 0 -nan 0.000000
1968 874 0 0.000000 0 -nan 0.000000
1969 875 0 0.000000 0 -nan 0.000000
1975 876 0 0.000000 0 -nan 0.000000
1976 877 0 0.000000 0 -nan 0.000000
1977 878 0 0.000000 0 -nan 0.000000
1978 879 0 0.000000 0 -nan 0.000000
1984 880 0 0.000000 0 -nan 0.000000
1985 881 0 0.000000 0 -nan 0.000000
1986 882 0 0.000000 0 -nan 0.000000
1987 883 0 0.000000 0 -nan 0.000000
1993 884 0 0.000000 0 -nan 0.000000
1994 885 0 0.000000 0 -nan 0.000000
1995 886 0 0.000000 0 -nan 0.000000
1996 887 0 0.000000 0 -nan 0.000000
2002 888 0 0.000000 0 -nan 0.000000
2003 889 0 0.000000 0 -nan 0.000000
2004 890 0 0.000000 0 -nan 0.000000
2005 891 0 0.000000 0 -nan 0.000000
2011 892 0 0.000000 0 -nan 0.000000
2012 893 0 0.000000 0 -nan 0.000000
2013 894 0 0.000000 0 -nan 0.000000
2014 895 0 0.000000 0 -nan 0.000000
2020 896 0 0.000000 0 -nan 0.000000
2021 897 0 0.000000 0 -nan 0.000000
2022 898 0 0.000000 0 -nan 0.000000
2023 899 0 0.000000 0 -nan 0.000000
2029 900 0 0.000000 0 -nan 0.000000
2030 901 0 0.000000 0 -nan 0.000000
2031 902 0 0.000000 0 -nan 0.000000
2032 903 0 0.000000 0 -nan 0.000000
2038 904 0 0.000000 0 -nan 0.000000
2039 905 0 0.000000 0 -nan 0.000000
2040 906 0 0.000000 0 -nan 0.000000
2041 907 0 0.000000 0 -nan 0.000000
2047 908 0 0.000000 0 -nan 0.000000
2048 909 0 0.000000 0 -nan 0.000000
2049 910 0 0.000000 0 -nan 0.000000
2050 911 0 0.000000 0 -nan 0.000000
2056 912 0 0.000000 0 -nan 0.000000
2057 913 0 0.000000 0 -nan 0.000000
2058 914 0 0.000000 0 -nan 0.000000
2059 915 0 0.000000 0 -nan 0.000000
2065 916 0 0.000000 0 -nan 0.000000
2066 917 0 0.000000 0 -nan 0.000000
2067 918 0 0.000000 0 -nan 0.000000
2068 919 0 0.000000 0 -nan 0.000000
2074 920 0 0.000000 0 -nan 0.000000
2075 921 0 0.000000 0 -nan 0.000000
2076 922 0 0.000000 0 -nan 0.000000
2077 923 0 0.000000 0 -nan 0.000000
2083 924 0 0.000000 0 -nan 0.000000
2084 925 0 0.000000 0 -nan 0.000000
2085 926 0 0.000000 0 -nan 0.000000
2086 927 0 0.000000 0 -nan 0.000000
2092 928 0 0.000000 0 -nan 0.000000
2093 929 0 0.000000 0 -nan 0.000000
2094 930 0 0.000000 0 -nan 0.000000
2095 931 0 0.000000 0 -nan 0.000000
2101 932 0 0.000000 0 -nan 0.000000
2102 933 0 0.000000 0 -nan 0.000000
2103 934 0 0.000000 0 -nan 0.000000
2104 935 0 0.000000 0 -nan 0.000000
2110 936 0 0.000000 0 -nan 0.000000
2111 937 0 0.000000 0 -nan 0.000000
2112 938 0 0.000000 0 -nan 0.000000
2113 939 0 0.000000 0 -nan 0.000000
2119 940 0 0.000000 0 -nan 0.000000
2120 941 0 0.000000 0 -nan 0.000000
2121 942 0 0.000000 0 -nan 0.000000
2122 943 0 0.000000 0 -nan 0.000000
2128 944 0 0.000000 0 -nan 0.000000
2129 945 0 0.000000 0 -nan 0.000000
2130 946 0 0.000000 0 -nan 0.000000
2131 947 0 0.000000 0 -nan 0.000000
2137 948 0 0.000000 0 -nan 0.000000
2138 949 0 0.000000 0 -nan 0.000000
2139 950 0 0.000000 0 -nan 0.000000
2140 951 0 0.000000 0 -nan 0.000000
2146 952 0 0.000000 0 -nan 0.000000
2147 953 0 0.000000 0 -nan 0.000000
2148 954 0 0.000000 0 -nan 0.000000
2149 955 0 0.000000 0 -nan 0.000000
2155 956 0 0.000000 0 -nan 0.000000
2156 957 0 0.000000 0 -nan 0.000000
2157 958 0 0.000000 0 -nan 0.000000
2158 959 0 0.000000 0 -nan 0.000000
2164 960 0 0.000000 0 -nan 0.000000
2165 961 0 0.000000 0 -nan 0.000000
2166 962 0 0.000000 0 -nan 0.000000
2167 963 0 0.000000 0 -nan 0.000000
2173 964 0 0.000000 0 -nan 0.000000
2174 965 0 0.000000 0 -nan 0.000000
2175 966 0 0.000000 0 -nan 0.000000
2176 967 0 0.000000 0 -nan 0.000000
2182 968 0 0.000000 0 -nan 0.000000
2183 969 0 0.000000 0 -nan 0.000000
2184 970 0 0.000000 0 -nan 0.000000
2185 971 0 0.000000 0 -nan 0.000000
2191 972 0 0.000000 0 -nan 0.000000
2192 973 0 0.000000 0 -nan 0.000000
2193 974 0 0.000000 0 -nan 0.000000
2194 975 0 0.000000 0 -nan 0.000000
2200 976 0 0.000000 0 -nan 0.000000
2201 977 0 0.000000 0 -nan 0.000000
2202 978 0 0.000000 0 -nan 0.000000
2203 979 0 0.000000 0 -nan 0.000000
2209 980 0 0.000000 0 -nan 0.000000
2210 981 0 0.000000 0 -nan 0.000000
2211 982 0 0.000000 0 -nan 0.000000
2212 983 0 0.000000 0 -nan 0.000000
2218 984 0 0.000000 0 -nan 0.000000
2219 985 0 0.000000 0 -nan 0.000000
2220 986 0 0.000000 0 -nan 0.000000
2221 987 0 0.000000 0 -nan 0.000000
2227 988 0 0.000000 0 -nan 0.000000
2228 989 0 0.000000 0 -nan 0.000000
2229 990 0 0.000000 0 -nan 0.000000
2230 991 0 0.000000 0 -nan 0.000000
2236 992 0 0.000000 0 -nan 0.000000
2237 993 0 0.000000 0 -nan 0.000000
2238 994 0 0.000000 0 -nan 0.000000
2239 995 0 0.000000 0 -nan 0.000000
2245 996 0 0.000000 0 -nan 0.000000
2246 997 0 0.000000 0 -nan 0.000000
2247 998 0 0.000000 0 -nan 0.000000
2248 999 0 0.000000 0 -nan 0.000000
2254 1000 0 0.000000 0 -nan 0.000000
2255 1001 0 0.000000 0 -nan 0.000000
2256 1002 0 0.000000 0 -nan 0.000000
2257 1003 0 0.000000 0 -nan 0.000000
2263 1004 0 0.000000 0 -nan 0.000000
2264 1005 0 0.000000 0 -nan 0.000000
2265 1006 0 0.000000 0 -nan 0.000000
2266 1007 0 0.000000 0 -nan 0.000000
2272 1008 0 0.000000 0 -nan 0.000000
2273 1009 0 0.000000 0 -nan 0.000000
2274 1010 0 0.000000 0 -nan 0.000000
2275 1011 0 0.000000 0 -nan 0.000000
2281 1012 0 0.000000 0 -nan 0.000000
2282 1013 0 0.000000 0 -nan 0.000000
2283 1014 0 0.000000 0 -nan 0.000000
2284 1015 0 0.000000 0 -nan 0.000000
2290 1016 0 0.000000 0 -nan 0.000000
2291 1017 0 0.000000 0 -nan 0.000000
2292 1018 0 0.000000 0 -nan 0.000000
2293 1019 0 0.000000 0 -nan 0.000000
2299 1020 0 0.000000 0 -nan 0.000000
2300 1021 0 0.000000 0 -nan 0.000000
2301 1022 0 0.000000 0 -nan 0.000000
2302 1023 0 0.000000 0 -nan 0.000000
2308 1024 0 0.000000 0 -nan 0.000000
2309 1025 0 0.000000 0 -nan 0.000000
2310 1026 0 0.000000 0 -nan 0.000000
2311 1027 0 0.000000 0 -nan 0.000000
2317 1028 0 0.000000 0 -nan 0.000000
2318 1029 0 0.000000 0 -nan 0.000000
2319 1030 0 0.000000 0 -nan 0.000000
2320 1031 0 0.000000 0 -nan 0.000000
2326 1032 0 0.000000 0 -nan 0.000000
2327 1033 0 0.000000 0 -nan 0.000000
2328 1034 0 0.000000 0 -nan 0.000000
2329 1035 0 0.000000 0 -nan 0.000000
2335 1036 0 0.000000 0 -nan 0.000000
2336 1037 0 0.000000 0 -nan 0.000000
2337 1038 0 0.000000 0 -nan 0.000000
2338 1039 0 0.000000 0 -nan 0.000000
2344 1040 0 0.000000 0 -nan 0.000000
2345 1041 0 0.000000 0 -nan 0.000000
2346 1042 0 0.000000 0 -nan 0.000000
2347 1043 0 0.000000 0 -nan 0.000000
2353 1044 0 0.000000 0 -nan 0.000000
2354 1045 0 0.000000 0 -nan 0.000000
2355 1046 0 0.000000 0 -nan 0.000000
2356 1047 0 0.000000 0 -nan 0.000000
2362 1048 0 0.000000 0 -nan 0.000000
2363 1049 0 0.000000 0 -nan 0.000000
2364 1050 0 0.000000 0 -nan 0.000000
2365 1051 0 0.000000 0 -nan 0.000000
2371 1052 0 0.000000 0 -nan 0.000000
2372 1053 0 0.000000 0 -nan 0.000000
2373 1054 0 0.000000 0 -nan 0.000000
2374 1055 0 0.000000 0 -nan 0.000000
