# Format <LP ID> <Terminal ID> <Total sends> <Total Recvs> <Bytes sent> <Bytes recvd> <Send time> <Comm. time> <Compute time>
 APP 0 RANK 0  0 0 478 478 379712 374336 3222691.030787 3739923.731326 0.000000
 APP 0 RANK 1  1 1 832 832 502384 506272 5186584.390256 3856223.322122 0.000000
 APP 0 RANK 2  2 2 566 566 503792 501008 5374414.572908 3841149.427225 0.000000
 APP 0 RANK 3  3 3 840 840 510816 505344 5964169.556891 3849140.159123 0.000000
 APP 0 RANK 4  9 4 464 464 506304 496032 6150081.025496 3871895.260611 0.000000
 APP 0 RANK 5  10 5 386 386 376528 373792 3314900.176390 3863740.648081 0.000000
 APP 0 RANK 6  11 6 654 654 509232 503040 5740887.821296 3845250.267416 0.000000
 APP 0 RANK 7  12 7 790 790 629648 623648 8538382.729527 3873206.979446 0.000000
 APP 0 RANK 8  18 8 1194 1194 641632 640528 8762495.561866 3832182.411015 0.000000
 APP 0 RANK 9  19 9 1010 1010 628592 629120 7774604.555780 3798696.119553 0.000000
 APP 0 RANK 10  20 10 956 956 630464 627536 7775955.393766 3816550.596284 0.000000
 APP 0 RANK 11  21 11 528 528 502080 502656 6073843.931988 3807246.118344 0.000000
 APP 0 RANK 12  27 12 1026 1026 507040 511216 6272620.612013 3814766.915794 0.000000
 APP 0 RANK 13  28 13 1004 1004 633712 637312 8346293.629847 3861851.278143 0.000000
 APP 0 RANK 14  29 14 1066 1066 637216 633856 8042907.461461 3860748.121047 0.000000
 APP 0 RANK 15  30 15 1042 1042 635520 632544 8060892.521278 3854297.703358 0.000000
 APP 0 RANK 16  36 16 978 978 631728 633312 8687126.986792 3887183.468498 0.000000
 APP 0 RANK 17  37 17 628 628 509008 502912 5329636.680576 3809421.348818 0.000000
 APP 0 RANK 18  38 18 756 756 510544 505744 5548942.031820 3841848.511387 0.000000
 APP 0 RANK 19  39 19 1224 1224 637680 635664 8566504.624327 3878634.467254 0.000000
 APP 0 RANK 20  45 20 1058 1058 637728 632304 9025563.200078 3901140.895913 0.000000
 APP 0 RANK 21  46 21 708 708 633792 628800 8202461.609422 3892766.741105 0.000000
 APP 0 RANK 22  47 22 1132 1132 633472 636928 8945680.134431 3876314.904703 0.000000
 APP 0 RANK 23  48 23 740 740 503136 503376 5892867.592072 3813258.807397 0.000000
 APP 0 RANK 24  54 24 664 664 502160 501872 5741802.390200 3746957.117205 0.000000
 APP 0 RANK 25  55 25 674 674 633744 636432 7575792.684819 3804414.132457 0.000000
 APP 0 RANK 26  56 26 1028 1028 634352 630848 9063773.085153 3838707.971464 0.000000
 APP 0 RANK 27  57 27 1236 1236 639520 637600 8988305.323759 3762425.707589 0.000000
 APP 0 RANK 28  63 28 878 878 636640 630160 7703098.492642 3742279.238112 0.000000
 APP 0 RANK 29  64 29 690 690 509184 505872 4945457.674545 3740907.776227 0.000000
 APP 0 RANK 30  65 30 646 646 382720 379504 3211402.817615 3708225.108868 0.000000
 APP 0 RANK 31  66 31 768 768 502352 507968 5123797.415973 3738885.239728 0.000000
 APP 0 RANK 32  72 32 670 670 502448 501248 5030718.869847 3851413.633348 0.000000
 APP 0 RANK 33  73 33 794 794 508528 506320 4679334.140962 3708357.776505 0.000000
 APP 0 RANK 34  74 34 676 676 505280 507824 4772828.691631 3753005.944858 0.000000
 APP 0 RANK 35  75 35 516 516 376432 378304 3523995.752995 3717246.263636 0.000000
 APP 0 RANK 36  81 36 650 650 506832 500784 7852126.026021 3822410.365535 0.000000
 APP 0 RANK 37  82 37 1008 1008 624176 633488 11796037.040965 3915481.008033 0.000000
 APP 0 RANK 38  83 38 886 886 634528 627184 11978462.260155 3880991.103015 0.000000
 APP 0 RANK 39  84 39 726 726 627344 625760 10808695.897998 3896973.504707 0.000000
 APP 0 RANK 40  90 40 1080 1080 633088 627424 13557940.764005 3966386.971079 0.000000
 APP 0 RANK 41  91 41 804 804 508528 507328 10145691.561428 3918244.035953 0.000000
 APP 0 RANK 42  92 42 996 996 631104 633792 13172142.691751 3931143.520353 0.000000
 APP 0 RANK 43  93 43 1044 1044 757920 762576 19005237.042030 4001609.292012 0.000000
 APP 0 RANK 44  99 44 1010 1010 763248 761664 15799143.120158 3986826.954139 0.000000
 APP 0 RANK 45  100 45 1952 1952 772496 774320 15776594.745903 3936971.826386 0.000000
 APP 0 RANK 46  101 46 998 998 754928 759008 14902246.837563 3970524.694910 0.000000
 APP 0 RANK 47  102 47 1016 1016 634240 635488 11538458.275706 3936252.366746 0.000000
 APP 0 RANK 48  108 48 858 858 633072 629184 12396725.964072 3905378.169983 0.000000
 APP 0 RANK 49  109 49 1852 1852 770576 771728 19099001.530730 4004250.738866 0.000000
 APP 0 RANK 50  110 50 1036 1036 756224 760544 17988962.460077 3931186.597492 0.000000
 APP 0 RANK 51  111 51 1096 1096 759184 767632 17582972.687492 3907306.934561 0.000000
 APP 0 RANK 52  117 52 1508 1508 764976 769008 17480393.133917 3934366.200987 0.000000
 APP 0 RANK 53  118 53 704 704 623760 625344 9794552.067763 3886071.285207 0.000000
 APP 0 RANK 54  119 54 708 708 631088 630992 12260972.783505 3876787.944838 0.000000
 APP 0 RANK 55  120 55 1344 1344 765184 764800 17374743.792103 3941222.155051 0.000000
 APP 0 RANK 56  126 56 1614 1614 762800 774128 15364298.034245 3938674.680732 0.000000
 APP 0 RANK 57  127 57 1642 1642 774336 767760 15812372.747352 3917625.627205 0.000000
 APP 0 RANK 58  128 58 1346 1346 758496 760512 14498374.523610 3924374.059728 0.000000
 APP 0 RANK 59  129 59 1214 1214 640496 637136 10814782.771459 3891166.544666 0.000000
 APP 0 RANK 60  135 60 926 926 635488 636784 9992907.262470 3863676.102597 0.000000
 APP 0 RANK 61  136 61 954 954 760448 760688 13520748.730022 3917460.696442 0.000000
 APP 0 RANK 62  137 62 1460 1460 760976 761840 13573834.883240 3879816.682036 0.000000
 APP 0 RANK 63  138 63 1066 1066 761504 762656 14497530.762837 3773564.971078 0.000000
 APP 0 RANK 64  144 64 1752 1752 771520 770080 11951329.054491 3835965.481695 0.000000
 APP 0 RANK 65  145 65 1130 1130 629584 637984 7342426.492736 3759830.438292 0.000000
 APP 0 RANK 66  146 66 718 718 503712 504912 5094334.156718 3823258.169421 0.000000
 APP 0 RANK 67  147 67 670 670 625856 634496 7794541.728452 3839150.678641 0.000000
 APP 0 RANK 68  153 68 1562 1562 647200 639568 8957385.978422 3818956.677486 0.000000
 APP 0 RANK 69  154 69 780 780 627696 630960 6735836.994337 3808118.845183 0.000000
 APP 0 RANK 70  155 70 884 884 632112 631392 8347621.292129 3778025.337587 0.000000
 APP 0 RANK 71  156 71 704 704 503200 503872 5649179.312972 3776584.865756 0.000000
 APP 0 RANK 72  162 72 848 848 512208 506160 7852843.052990 3860884.440847 0.000000
 APP 0 RANK 73  163 73 1212 1212 630768 630672 10814779.086305 3917954.715392 0.000000
 APP 0 RANK 74  164 74 1194 1194 637120 634864 11380919.598325 3899445.994162 0.000000
 APP 0 RANK 75  165 75 682 682 631424 621872 10129300.032022 3948139.222883 0.000000
 APP 0 RANK 76  171 76 944 944 628368 629616 13057308.981358 4009418.372873 0.000000
 APP 0 RANK 77  172 77 602 602 504448 501568 8673105.192193 3957513.897262 0.000000
 APP 0 RANK 78  173 78 942 942 634640 632528 11881032.441644 3915973.686260 0.000000
 APP 0 RANK 79  174 79 968 968 758752 756064 16585137.708485 4043787.895624 0.000000
 APP 0 RANK 80  180 80 1024 1024 757440 759024 13904544.990393 3978595.361897 0.000000
 APP 0 RANK 81  181 81 1454 1454 762912 764400 15643445.059125 4010312.537505 0.000000
 APP 0 RANK 82  182 82 1544 1544 769936 772144 16791162.364458 4011397.815891 0.000000
 APP 0 RANK 83  183 83 1078 1078 633808 634048 11908146.358512 3957823.832146 0.000000
 APP 0 RANK 84  189 84 1054 1054 632272 636880 12455185.144668 3935431.315587 0.000000
 APP 0 RANK 85  190 85 1702 1702 763456 764992 18165358.894821 3994763.308955 0.000000
 APP 0 RANK 86  191 86 1096 1096 769744 758848 16966814.681288 3950856.848329 0.000000
 APP 0 RANK 87  192 87 1548 1548 765776 767888 17223359.971888 4014503.404206 0.000000
 APP 0 RANK 88  198 88 1014 1014 752480 756128 15419263.626874 3980848.296951 0.000000
 APP 0 RANK 89  199 89 1390 1390 643456 643168 12530668.547745 3952466.113885 0.000000
 APP 0 RANK 90  200 90 1628 1628 639792 643248 13941322.385509 3939754.881526 0.000000
 APP 0 RANK 91  201 91 1666 1666 772480 776464 19886055.789766 3937798.127227 0.000000
 APP 0 RANK 92  207 92 1722 1722 764720 766832 16670881.536598 3910384.208119 0.000000
 APP 0 RANK 93  208 93 1458 1458 764800 769120 17865658.420500 3907292.433845 0.000000
 APP 0 RANK 94  209 94 1538 1538 762832 763408 16117608.630103 3901161.480850 0.000000
 APP 0 RANK 95  210 95 740 740 628560 629424 11120904.695399 3887010.223494 0.000000
 APP 0 RANK 96  216 96 992 992 636784 632080 8484480.937928 3847505.060769 0.000000
 APP 0 RANK 97  217 97 1456 1456 759536 767456 11236064.814785 3932958.697972 0.000000
 APP 0 RANK 98  218 98 1050 1050 757648 756352 11752256.310557 3827642.529420 0.000000
 APP 0 RANK 99  219 99 1584 1584 773504 767936 11987270.662979 3922900.654424 0.000000
 APP 0 RANK 100  225 100 1012 1012 752656 757504 14790969.997112 3842574.963723 0.000000
 APP 0 RANK 101  226 101 1028 1028 637200 636000 11705536.409950 3899329.367822 0.000000
 APP 0 RANK 102  227 102 822 822 504432 505200 6483863.890603 3708416.322865 0.000000
 APP 0 RANK 103  228 103 724 724 630896 630752 10126997.408003 3834025.687514 0.000000
 APP 0 RANK 104  234 104 1170 1170 635392 630928 8402214.816451 3849832.504306 0.000000
 APP 0 RANK 105  235 105 1080 1080 627600 634848 6713057.254111 3786187.444784 0.000000
 APP 0 RANK 106  236 106 1034 1034 628688 630656 8018230.653790 3853090.756174 0.000000
 APP 0 RANK 107  237 107 736 736 504896 505472 5171171.028888 3869711.777892 0.000000
 APP 0 RANK 108  243 108 748 748 505968 506112 8915781.784577 3846699.649849 0.000000
 APP 0 RANK 109  244 109 1266 1266 640096 637120 13034786.461505 3924018.739224 0.000000
 APP 0 RANK 110  245 110 882 882 626944 630880 11201949.390545 3901075.422158 0.000000
 APP 0 RANK 111  246 111 884 884 630400 625072 10730994.007032 3911843.700063 0.000000
 APP 0 RANK 112  252 112 1132 1132 637584 634800 15183425.861524 4025850.403578 0.000000
 APP 0 RANK 113  253 113 496 496 503952 498384 9502895.747660 3970425.846286 0.000000
 APP 0 RANK 114  254 114 668 668 625664 621584 13106635.515994 3921879.030719 0.000000
 APP 0 RANK 115  255 115 1482 1482 762320 770384 19108577.712769 4012331.291322 0.000000
 APP 0 RANK 116  261 116 1732 1732 776432 773456 17229492.601544 3935832.205535 0.000000
 APP 0 RANK 117  262 117 2020 2020 764192 770144 15619539.767934 4030979.071697 0.000000
 APP 0 RANK 118  263 118 1038 1038 756176 758672 15894854.335898 3998976.972560 0.000000
 APP 0 RANK 119  264 119 854 854 633344 631952 11944734.606007 3969731.389944 0.000000
 APP 0 RANK 120  270 120 1318 1318 641840 636224 13910626.832401 3955872.505116 0.000000
 APP 0 RANK 121  271 121 1494 1494 762304 756544 19061327.253649 3967808.604331 0.000000
 APP 0 RANK 122  272 122 1114 1114 760736 755984 17568527.085437 3953157.453747 0.000000
 APP 0 RANK 123  273 123 1504 1504 760528 758992 19065000.324136 3901607.522860 0.000000
 APP 0 RANK 124  279 124 1284 1284 761312 759584 16858038.970870 3911284.179054 0.000000
 APP 0 RANK 125  280 125 962 962 636848 631280 10517027.907945 3908122.866989 0.000000
 APP 0 RANK 126  281 126 772 772 632336 628784 10840303.588336 3898853.977803 0.000000
 APP 0 RANK 127  282 127 1444 1444 766352 761504 16534628.944755 3973186.303106 0.000000
 APP 0 RANK 128  288 128 1086 1086 754992 754464 13921224.714397 3882098.811717 0.000000
 APP 0 RANK 129  289 129 1474 1474 763632 759936 13320497.425426 3926829.475130 0.000000
 APP 0 RANK 130  290 130 1666 1666 765712 766912 12748111.907685 3925806.078974 0.000000
 APP 0 RANK 131  291 131 1270 1270 636032 633968 9479951.598171 3917005.736618 0.000000
 APP 0 RANK 132  297 132 1168 1168 634896 636192 8974180.812456 3830565.340718 0.000000
 APP 0 RANK 133  298 133 1854 1854 761120 771488 11860495.414026 3868773.555991 0.000000
 APP 0 RANK 134  299 134 1530 1530 769872 767184 12711918.501013 3862687.211211 0.000000
 APP 0 RANK 135  300 135 1688 1688 763888 770032 12409645.823275 3831198.610095 0.000000
 APP 0 RANK 136  306 136 1006 1006 760800 759840 12294237.696968 3863372.424371 0.000000
 APP 0 RANK 137  307 137 1182 1182 634784 635504 7801351.593613 3887555.816491 0.000000
 APP 0 RANK 138  308 138 774 774 507168 509328 6057416.156333 3768555.459915 0.000000
 APP 0 RANK 139  309 139 1064 1064 636640 635920 8849736.905012 3855043.840189 0.000000
 APP 0 RANK 140  315 140 676 676 622560 624000 7233815.980847 3778416.715502 0.000000
 APP 0 RANK 141  316 141 1082 1082 628464 633840 6601175.727039 3783415.963634 0.000000
 APP 0 RANK 142  317 142 958 958 630512 629792 6997753.530288 3798307.582092 0.000000
 APP 0 RANK 143  318 143 544 544 503920 504304 4801247.214800 3754796.741130 0.000000
 APP 0 RANK 144  324 144 942 942 510096 503760 7133833.045247 3889708.905198 0.000000
 APP 0 RANK 145  325 145 754 754 622736 619376 9605508.451798 3945063.336590 0.000000
 APP 0 RANK 146  326 146 1178 1178 634096 629584 9672899.870508 3856175.769720 0.000000
 APP 0 RANK 147  327 147 682 682 628752 626448 8426360.179436 3919866.224235 0.000000
 APP 0 RANK 148  333 148 930 930 627856 633328 11528195.936826 3986939.645295 0.000000
 APP 0 RANK 149  334 149 748 748 505344 501600 6918848.892754 3935779.493804 0.000000
 APP 0 RANK 150  335 150 904 904 632336 626816 11069644.554405 3930481.250821 0.000000
 APP 0 RANK 151  336 151 1574 1574 765968 773168 16561672.311842 4008091.026493 0.000000
 APP 0 RANK 152  342 152 1064 1064 754272 764784 13363604.966010 3974606.308147 0.000000
 APP 0 RANK 153  343 153 1022 1022 759280 756832 13269552.675371 3859069.001445 0.000000
 APP 0 RANK 154  344 154 1392 1392 762240 769488 14012740.911604 3987172.852311 0.000000
 APP 0 RANK 155  345 155 732 732 634656 634608 9282984.484452 3879857.280789 0.000000
 APP 0 RANK 156  351 156 1096 1096 634208 637280 9856496.263048 3893994.551504 0.000000
 APP 0 RANK 157  352 157 1082 1082 768768 762288 14669940.735703 4014964.225508 0.000000
 APP 0 RANK 158  353 158 1540 1540 765264 764496 14711649.605492 3894741.936803 0.000000
 APP 0 RANK 159  354 159 1070 1070 763200 758112 13330531.059213 3911131.307820 0.000000
 APP 0 RANK 160  360 160 1070 1070 762960 761328 12602963.367980 3931910.907100 0.000000
 APP 0 RANK 161  361 161 1002 1002 632368 633280 8046699.270996 3861106.654357 0.000000
 APP 0 RANK 162  362 162 736 736 629648 627632 7903056.818426 3871990.341610 0.000000
 APP 0 RANK 163  363 163 972 972 751936 758272 11770570.618583 3919837.665836 0.000000
 APP 0 RANK 164  369 164 1762 1762 769920 774192 14593116.269819 3904201.347809 0.000000
 APP 0 RANK 165  370 165 1684 1684 764032 766672 14498619.009737 3886429.308313 0.000000
 APP 0 RANK 166  371 166 1410 1410 760896 762960 12475281.408806 3903353.380136 0.000000
 APP 0 RANK 167  372 167 948 948 629584 631648 7744035.862644 3833693.196446 0.000000
 APP 0 RANK 168  378 168 954 954 636928 635248 8629022.079408 3830333.179403 0.000000
 APP 0 RANK 169  379 169 1270 1270 764064 762480 10627487.866698 3911638.998447 0.000000
 APP 0 RANK 170  380 170 1506 1506 759744 761376 12902923.608999 3863708.820663 0.000000
 APP 0 RANK 171  381 171 980 980 753952 755872 11747212.861518 3853037.052356 0.000000
 APP 0 RANK 172  387 172 1702 1702 767456 772976 11306340.439972 3879130.201105 0.000000
 APP 0 RANK 173  388 173 846 846 628224 633456 6883218.940773 3770580.434901 0.000000
 APP 0 RANK 174  389 174 644 644 504432 504480 5122827.633423 3805588.759481 0.000000
 APP 0 RANK 175  390 175 898 898 629008 630592 7583810.194775 3851963.037254 0.000000
 APP 0 RANK 176  396 176 1394 1394 646064 640832 8270762.086018 3785279.367907 0.000000
 APP 0 RANK 177  397 177 1448 1448 639376 642640 7104672.531638 3739155.047285 0.000000
 APP 0 RANK 178  398 178 1090 1090 632064 636576 7694413.852076 3783595.747918 0.000000
 APP 0 RANK 179  399 179 964 964 511216 509680 5490334.455675 3703325.162968 0.000000
 APP 0 RANK 180  405 180 654 654 386480 380576 4265886.048633 3815125.025950 0.000000
 APP 0 RANK 181  406 181 654 654 503696 504848 5445748.430337 3873462.527170 0.000000
 APP 0 RANK 182  407 182 734 734 505232 506288 4963921.230908 3836332.317261 0.000000
 APP 0 RANK 183  408 183 1032 1032 513760 510208 5668483.570286 3863321.006227 0.000000
 APP 0 RANK 184  414 184 778 778 507072 502992 6100676.439855 4005074.962366 0.000000
 APP 0 RANK 185  415 185 726 726 379568 380288 3737658.080341 3870534.765052 0.000000
 APP 0 RANK 186  416 186 784 784 508000 504880 6269908.649559 3911111.626259 0.000000
 APP 0 RANK 187  417 187 1380 1380 636608 637856 9233161.913627 4028902.425428 0.000000
 APP 0 RANK 188  423 188 690 690 625216 626992 8413165.248724 3835511.882455 0.000000
 APP 0 RANK 189  424 189 682 682 624640 625600 7544889.322672 3886369.921237 0.000000
 APP 0 RANK 190  425 190 1206 1206 640240 635248 7844298.501762 3889734.642099 0.000000
 APP 0 RANK 191  426 191 728 728 501328 505264 5222678.220125 3870955.096057 0.000000
 APP 0 RANK 192  432 192 722 722 504384 505824 5781611.437310 3872841.682318 0.000000
 APP 0 RANK 193  433 193 1064 1064 630992 636752 9804820.445987 3886411.123873 0.000000
 APP 0 RANK 194  434 194 972 972 633456 631440 9628240.625023 3875687.346666 0.000000
 APP 0 RANK 195  435 195 1156 1156 639328 635680 8239406.325036 3845031.590795 0.000000
 APP 0 RANK 196  441 196 788 788 623344 629008 9094130.979753 3929179.616386 0.000000
 APP 0 RANK 197  442 197 884 884 509120 511712 6816759.914162 3891481.139095 0.000000
 APP 0 RANK 198  443 198 950 950 506496 506832 6144451.701264 3773752.441416 0.000000
 APP 0 RANK 199  444 199 1086 1086 637728 640224 8433027.142809 3937888.666082 0.000000
 APP 0 RANK 200  450 200 1188 1188 639888 638736 8894251.309452 3915977.825592 0.000000
 APP 0 RANK 201  451 201 1102 1102 635808 634752 8443411.612493 3903699.516044 0.000000
 APP 0 RANK 202  452 202 1612 1612 640704 639600 9938302.997221 3857627.453181 0.000000
 APP 0 RANK 203  453 203 694 694 506704 504256 5496291.217540 3886601.466881 0.000000
 APP 0 RANK 204  459 204 934 934 504896 508400 4930921.468502 3880576.337631 0.000000
 APP 0 RANK 205  460 205 896 896 633104 633152 6864079.434473 3813374.264210 0.000000
 APP 0 RANK 206  461 206 1174 1174 626864 633632 7319759.610479 3893213.637554 0.000000
 APP 0 RANK 207  462 207 804 804 630752 631856 6999938.768739 3860823.451570 0.000000
 APP 0 RANK 208  468 208 970 970 635776 635968 7700278.528277 3867724.716564 0.000000
 APP 0 RANK 209  469 209 606 606 507216 505296 4483637.045853 3790290.058019 0.000000
 APP 0 RANK 210  470 210 464 464 377376 377184 3639693.183011 3695645.625430 0.000000
 APP 0 RANK 211  471 211 736 736 501488 503840 5589420.605685 3813895.442077 0.000000
 APP 0 RANK 212  477 212 866 866 503504 507824 5005498.374232 3809065.464544 0.000000
 APP 0 RANK 213  478 213 776 776 501200 504656 4068856.324149 3748483.672848 0.000000
 APP 0 RANK 214  479 214 576 576 500176 504832 4226167.395951 3765489.361253 0.000000
 APP 0 RANK 215  480 215 468 468 375408 379872 2799090.139801 3744516.032518 0.000000
 APP 1 RANK 0  486 216 1144 1144 3045248 3045248 28731681.273477 7700472.779396 0.000000
 APP 1 RANK 1  487 217 988 988 3023776 3023776 27086146.493370 5668163.327881 0.000000
 APP 1 RANK 2  488 218 988 988 3023776 3023776 24242097.647088 5434750.904652 0.000000
 APP 1 RANK 3  489 219 988 988 3023776 3023776 23057181.497343 6509987.889962 0.000000
 APP 1 RANK 4  495 220 1144 1144 3045248 3045248 29444700.419798 7162189.493510 0.000000
 APP 1 RANK 5  496 221 988 988 3023776 3023776 25384779.737412 6797884.204817 0.000000
 APP 1 RANK 6  497 222 988 988 3023776 3023776 25841713.825231 5785559.709711 0.000000
 APP 1 RANK 7  498 223 988 988 3023776 3023776 23773904.146165 4615793.471819 0.000000
 APP 1 RANK 8  504 224 1144 1144 3045248 3045248 39333285.249576 9558023.805549 0.000000
 APP 1 RANK 9  505 225 728 728 2991360 2991360 31066920.972608 9259971.010061 0.000000
 APP 1 RANK 10  506 226 728 728 2991360 2991360 29160920.608265 10487436.696868 0.000000
 APP 1 RANK 11  507 227 728 728 2991360 2991360 29931065.736949 10329842.147327 0.000000
 APP 1 RANK 12  513 228 728 728 2991360 2991360 25590424.830293 10622868.020695 0.000000
 APP 1 RANK 13  514 229 728 728 2991360 2991360 32077080.332987 10433848.037325 0.000000
 APP 1 RANK 14  515 230 988 988 3023776 3023776 34367925.498081 9461462.715778 0.000000
 APP 1 RANK 15  516 231 728 728 2991360 2991360 27102200.575091 9066720.633570 0.000000
 APP 1 RANK 16  522 232 988 988 3023776 3023776 35169360.882291 11788590.658017 0.000000
 APP 1 RANK 17  523 233 728 728 2991360 2991360 27749584.254489 9642613.821548 0.000000
 APP 1 RANK 18  524 234 728 728 2991360 2991360 27290017.871626 10835960.412238 0.000000
 APP 1 RANK 19  525 235 988 988 3023776 3023776 32691647.711739 10388296.499724 0.000000
 APP 1 RANK 20  531 236 988 988 3023776 3023776 33917811.514613 10276299.729423 0.000000
 APP 1 RANK 21  532 237 728 728 2991360 2991360 30923339.470513 10129200.214646 0.000000
 APP 1 RANK 22  533 238 988 988 3023776 3023776 35593165.204149 10041630.090173 0.000000
 APP 1 RANK 23  534 239 988 988 3023776 3023776 37499536.777983 9299768.709430 0.000000
 APP 1 RANK 24  540 240 1144 1144 3045248 3045248 37607447.282681 12306102.021347 0.000000
 APP 1 RANK 25  541 241 988 988 3023776 3023776 39420531.272303 9917172.168102 0.000000
 APP 1 RANK 26  542 242 988 988 3023776 3023776 50267221.527752 9696986.414048 0.000000
 APP 1 RANK 27  543 243 988 988 3023776 3023776 45144841.688866 10009385.535597 0.000000
 APP 1 RANK 28  549 244 1144 1144 3045248 3045248 45411660.755774 11241881.685790 0.000000
 APP 1 RANK 29  550 245 728 728 2991360 2991360 35119943.312240 11074992.919403 0.000000
 APP 1 RANK 30  551 246 728 728 2991360 2991360 34536116.621983 11431602.925476 0.000000
 APP 1 RANK 31  552 247 728 728 2991360 2991360 33437236.484993 12065625.943677 0.000000
 APP 1 RANK 32  558 248 728 728 2991360 2991360 32516868.974668 12264895.809281 0.000000
 APP 1 RANK 33  559 249 728 728 2991360 2991360 32854096.858807 12156289.661367 0.000000
 APP 1 RANK 34  560 250 988 988 3023776 3023776 41862845.516022 11909485.993109 0.000000
 APP 1 RANK 35  561 251 728 728 2991360 2991360 37873162.767331 12364836.131419 0.000000
 APP 1 RANK 36  567 252 988 988 3023776 3023776 35072055.421770 12571440.265790 0.000000
 APP 1 RANK 37  568 253 728 728 2991360 2991360 30978437.967052 10929378.842693 0.000000
 APP 1 RANK 38  569 254 728 728 2991360 2991360 31603630.313957 12495621.873434 0.000000
 APP 1 RANK 39  570 255 988 988 3023776 3023776 36584972.540179 11576925.770667 0.000000
 APP 1 RANK 40  576 256 988 988 3023776 3023776 40354666.629133 9969072.512937 0.000000
 APP 1 RANK 41  577 257 728 728 2991360 2991360 31710484.722832 10041330.881874 0.000000
 APP 1 RANK 42  578 258 988 988 3023776 3023776 35227511.972171 9667266.560781 0.000000
 APP 1 RANK 43  579 259 988 988 3023776 3023776 37328344.367776 9530962.640185 0.000000
 APP 1 RANK 44  585 260 1144 1144 3045248 3045248 41614373.724750 9597800.602671 0.000000
 APP 1 RANK 45  586 261 728 728 2991360 2991360 28817057.073469 10729601.438498 0.000000
 APP 1 RANK 46  587 262 728 728 2991360 2991360 29737578.860617 10582540.934114 0.000000
 APP 1 RANK 47  588 263 728 728 2991360 2991360 28087104.433277 10436573.661278 0.000000
 APP 1 RANK 48  594 264 728 728 2991360 2991360 26844068.286607 11008408.272030 0.000000
 APP 1 RANK 49  595 265 728 728 2991360 2991360 31485437.973606 9760358.816304 0.000000
 APP 1 RANK 50  596 266 988 988 3023776 3023776 39539316.236061 10011009.576143 0.000000
 APP 1 RANK 51  597 267 728 728 2991360 2991360 26402110.871502 9127164.184015 0.000000
 APP 1 RANK 52  603 268 988 988 3023776 3023776 39902756.084658 12055820.925575 0.000000
 APP 1 RANK 53  604 269 728 728 2991360 2991360 31037542.569702 11462573.413587 0.000000
 APP 1 RANK 54  605 270 728 728 2991360 2991360 31430804.710159 11713886.952539 0.000000
 APP 1 RANK 55  606 271 988 988 3023776 3023776 41167878.972955 11634030.561546 0.000000
 APP 1 RANK 56  612 272 988 988 3023776 3023776 39755420.320048 10956358.120732 0.000000
 APP 1 RANK 57  613 273 728 728 2991360 2991360 27625393.469219 9633350.056665 0.000000
 APP 1 RANK 58  614 274 988 988 3023776 3023776 39649756.961866 10297390.854115 0.000000
 APP 1 RANK 59  615 275 988 988 3023776 3023776 33970633.790731 9024526.422017 0.000000
 APP 1 RANK 60  621 276 1144 1144 3045248 3045248 49977605.690534 10736505.953070 0.000000
 APP 1 RANK 61  622 277 312 312 2947584 2947584 22933350.130429 10993496.652792 0.000000
 APP 1 RANK 62  623 278 312 312 2947584 2947584 18852084.606783 12079289.776737 0.000000
 APP 1 RANK 63  624 279 312 312 2947584 2947584 19259346.253528 10600163.510796 0.000000
 APP 1 RANK 64  630 280 312 312 2947584 2947584 19719449.920814 11457465.899810 0.000000
 APP 1 RANK 65  631 281 312 312 2947584 2947584 20043218.753944 11301721.292581 0.000000
 APP 1 RANK 66  632 282 312 312 2947584 2947584 19788953.804129 10972662.179555 0.000000
 APP 1 RANK 67  633 283 312 312 2947584 2947584 18679371.239809 11621391.699930 0.000000
 APP 1 RANK 68  639 284 312 312 2947584 2947584 20511630.867313 10207448.416723 0.000000
 APP 1 RANK 69  640 285 312 312 2947584 2947584 21037033.454739 9387365.626536 0.000000
 APP 1 RANK 70  641 286 728 728 2991360 2991360 31845057.136032 10914365.704234 0.000000
 APP 1 RANK 71  642 287 312 312 2947584 2947584 20355515.681858 9782093.428670 0.000000
 APP 1 RANK 72  648 288 728 728 2991360 2991360 29314208.215222 7381712.240013 0.000000
 APP 1 RANK 73  649 289 312 312 2947584 2947584 17674034.818442 9026754.943641 0.000000
 APP 1 RANK 74  650 290 728 728 2991360 2991360 26843178.934538 9076242.007741 0.000000
 APP 1 RANK 75  651 291 312 312 2947584 2947584 17924020.975652 9605895.417139 0.000000
 APP 1 RANK 76  657 292 728 728 2991360 2991360 32737930.520097 11154178.724709 0.000000
 APP 1 RANK 77  658 293 312 312 2947584 2947584 23680402.540597 11307280.496015 0.000000
 APP 1 RANK 78  659 294 312 312 2947584 2947584 18484771.492782 10584827.196029 0.000000
 APP 1 RANK 79  660 295 728 728 2991360 2991360 28300634.030224 11341177.675530 0.000000
 APP 1 RANK 80  666 296 728 728 2991360 2991360 27460455.516476 12083110.734247 0.000000
 APP 1 RANK 81  667 297 312 312 2947584 2947584 24413584.031131 11429665.977458 0.000000
 APP 1 RANK 82  668 298 312 312 2947584 2947584 21325090.730287 11935406.322983 0.000000
 APP 1 RANK 83  669 299 728 728 2991360 2991360 33603927.780440 12462113.171056 0.000000
 APP 1 RANK 84  675 300 728 728 2991360 2991360 33399793.352455 10007953.023031 0.000000
 APP 1 RANK 85  676 301 312 312 2947584 2947584 20112096.959498 11451876.746405 0.000000
 APP 1 RANK 86  677 302 728 728 2991360 2991360 28637690.366116 12188570.000764 0.000000
 APP 1 RANK 87  678 303 728 728 2991360 2991360 28297532.221838 11432488.602388 0.000000
 APP 1 RANK 88  684 304 988 988 3023776 3023776 36810951.449601 11404796.046375 0.000000
 APP 1 RANK 89  685 305 312 312 2947584 2947584 15806202.964313 11148669.432140 0.000000
 APP 1 RANK 90  686 306 728 728 2991360 2991360 35699817.688852 11027721.936429 0.000000
 APP 1 RANK 91  687 307 728 728 2991360 2991360 35069039.606475 10626859.173877 0.000000
 APP 1 RANK 92  693 308 988 988 3023776 3023776 54780704.228412 11573784.583354 0.000000
 APP 1 RANK 93  694 309 312 312 2947584 2947584 23996757.971848 12673041.402487 0.000000
 APP 1 RANK 94  695 310 312 312 2947584 2947584 21384946.934401 12390136.964842 0.000000
 APP 1 RANK 95  696 311 312 312 2947584 2947584 21266750.923272 12434514.686416 0.000000
 APP 1 RANK 96  702 312 312 312 2947584 2947584 20680556.564233 12000747.361254 0.000000
 APP 1 RANK 97  703 313 728 728 2991360 2991360 26835439.548162 10665308.979313 0.000000
 APP 1 RANK 98  704 314 728 728 2991360 2991360 30056146.000301 10939095.607002 0.000000
 APP 1 RANK 99  705 315 728 728 2991360 2991360 29619141.857657 10746428.412923 0.000000
 APP 1 RANK 100  711 316 728 728 2991360 2991360 28947147.447810 10269992.689793 0.000000
 APP 1 RANK 101  712 317 312 312 2947584 2947584 18882116.246926 11284702.309967 0.000000
 APP 1 RANK 102  713 318 728 728 2991360 2991360 33960756.178865 11144715.840515 0.000000
 APP 1 RANK 103  714 319 312 312 2947584 2947584 20132916.756528 11792900.998895 0.000000
 APP 1 RANK 104  720 320 728 728 2991360 2991360 31912661.876950 7984052.004259 0.000000
 APP 1 RANK 105  721 321 728 728 2991360 2991360 23376252.437217 7973970.019714 0.000000
 APP 1 RANK 106  722 322 988 988 3023776 3023776 29486398.933091 8711302.156895 0.000000
 APP 1 RANK 107  723 323 728 728 2991360 2991360 29917611.567642 9419879.115347 0.000000
 APP 1 RANK 108  729 324 988 988 3023776 3023776 35990179.578842 11399964.078835 0.000000
 APP 1 RANK 109  730 325 312 312 2947584 2947584 17606955.716396 8717550.393058 0.000000
 APP 1 RANK 110  731 326 312 312 2947584 2947584 15191011.377687 9476892.547405 0.000000
 APP 1 RANK 111  732 327 728 728 2991360 2991360 30277839.854742 10873843.274407 0.000000
 APP 1 RANK 112  738 328 728 728 2991360 2991360 30569393.700650 11334181.257481 0.000000
 APP 1 RANK 113  739 329 728 728 2991360 2991360 34612733.223877 10953695.659637 0.000000
 APP 1 RANK 114  740 330 728 728 2991360 2991360 33417952.745214 11058727.925829 0.000000
 APP 1 RANK 115  741 331 988 988 3023776 3023776 29795851.107940 11347321.487306 0.000000
 APP 1 RANK 116  747 332 988 988 3023776 3023776 34773999.545103 11683416.414989 0.000000
 APP 1 RANK 117  748 333 312 312 2947584 2947584 15540734.140275 8908715.426026 0.000000
 APP 1 RANK 118  749 334 728 728 2991360 2991360 26323238.673251 10004828.067843 0.000000
 APP 1 RANK 119  750 335 728 728 2991360 2991360 29350283.920707 11412005.262930 0.000000
 APP 1 RANK 120  756 336 988 988 3023776 3023776 40371109.191730 10306093.593123 0.000000
 APP 1 RANK 121  757 337 728 728 2991360 2991360 23424782.938529 11881391.482558 0.000000
 APP 1 RANK 122  758 338 988 988 3023776 3023776 27784525.144207 11604721.721929 0.000000
 APP 1 RANK 123  759 339 988 988 3023776 3023776 28056977.608185 11844705.951936 0.000000
 APP 1 RANK 124  765 340 1144 1144 3045248 3045248 41474021.277181 7541560.958078 0.000000
 APP 2 RANK 0  766 341 28000 28000 32064632 32064632 124399607.560825 174275558.662112 0.000000
 APP 2 RANK 1  767 342 28000 28000 38753880 38753880 127190694.929139 174272826.754607 0.000000
 APP 2 RANK 2  768 343 28000 28000 38747532 38747532 126865152.083428 174273034.957362 0.000000
 APP 2 RANK 3  774 344 28000 24000 32501596 32493596 139002585.934564 174275312.911584 0.000000
 APP 2 RANK 4  775 345 28000 32000 39170140 39178140 132931190.528814 174268474.197471 0.000000
 APP 2 RANK 5  776 346 28000 24000 33759788 33751788 122488339.228657 174271921.305780 0.000000
 APP 2 RANK 6  777 347 24000 24000 27933140 27933140 101497243.856959 174265289.040329 0.000000
 APP 2 RANK 7  783 348 28000 32000 39588272 39596272 142832250.644504 174262639.972323 0.000000
 APP 2 RANK 8  784 349 28000 24000 32924208 32916208 128263777.989188 174266271.096051 0.000000
 APP 2 RANK 9  785 350 24000 28000 32912828 32920828 104556759.399230 174254650.717906 0.000000
 APP 2 RANK 10  786 351 28000 28000 36667572 36667572 134569911.052517 174264574.232157 0.000000
 APP 2 RANK 11  792 352 28000 24000 32918660 32910660 125995921.677882 174267905.257582 0.000000
 APP 2 RANK 12  793 353 24000 24000 29573788 29573788 92961601.542951 174254872.963818 0.000000
 APP 2 RANK 13  794 354 28000 32000 40403528 40411528 134776534.384601 174269395.410792 0.000000
 APP 2 RANK 14  795 355 28000 24000 32512728 32504728 127296852.359328 174273050.501507 0.000000
 APP 2 RANK 15  801 356 24000 28000 32515708 32523708 98414276.995982 174261339.358072 0.000000
 APP 2 RANK 16  802 357 28000 28000 36259468 36259468 117925898.799334 174266008.696554 0.000000
 APP 2 RANK 17  803 358 28000 24000 32512832 32504832 119399285.780224 174269807.549696 0.000000
 APP 2 RANK 18  804 359 24000 28000 33333032 33341032 99909324.068527 174257655.457098 0.000000
 APP 2 RANK 19  810 360 28000 28000 36672956 36672956 120423149.215145 174266278.285048 0.000000
 APP 2 RANK 20  811 361 28000 24000 32510664 32502664 125501366.774788 174269787.366451 0.000000
 APP 2 RANK 21  812 362 24000 28000 32493036 32501036 128278771.395198 174258097.973956 0.000000
 APP 2 RANK 22  813 363 28000 28000 36248328 36248328 138536882.157941 174266817.114011 0.000000
 APP 2 RANK 23  819 364 28000 24000 32512220 32504220 111701317.538949 174270394.314119 0.000000
 APP 2 RANK 24  820 365 24000 28000 34574828 34582828 112029541.319634 174261261.600172 0.000000
 APP 2 RANK 25  821 366 28000 28000 32086876 32086876 95588580.445986 174270515.151122 0.000000
 APP 2 RANK 26  822 367 28000 28000 38747032 38747032 124903294.287636 174267664.422586 0.000000
 APP 2 RANK 27  828 368 28000 28000 38731736 38731736 130121620.863427 174268077.342622 0.000000
 APP 2 RANK 28  829 369 28000 24000 32499384 32491384 113641041.180663 174270427.111531 0.000000
 APP 2 RANK 29  830 370 28000 32000 39165636 39173636 139128754.006755 174263807.405849 0.000000
 APP 2 RANK 30  831 371 28000 24000 33762344 33754344 121005849.251904 174267264.360944 0.000000
 APP 2 RANK 31  837 372 24000 24000 27919224 27919224 105432474.800452 174260104.415249 0.000000
 APP 2 RANK 32  838 373 28000 32000 39589368 39597368 126865492.881420 174266617.175546 0.000000
 APP 2 RANK 33  839 374 28000 24000 32931868 32923868 123782217.745941 174270343.894141 0.000000
 APP 2 RANK 34  840 375 24000 28000 32917724 32925724 101480109.660342 174258868.493552 0.000000
 APP 2 RANK 35  846 376 28000 28000 36670540 36670540 117628899.557959 174267895.300853 0.000000
 APP 2 RANK 36  847 377 28000 24000 32926448 32918448 109400440.054701 174271204.810398 0.000000
 APP 2 RANK 37  848 378 24000 24000 29578180 29578180 81253949.738278 174259387.068991 0.000000
 APP 2 RANK 38  849 379 28000 32000 40395288 40403288 132732009.997561 174262294.543884 0.000000
 APP 2 RANK 39  855 380 28000 24000 32509204 32501204 106215869.384986 174265929.875322 0.000000
 APP 2 RANK 40  856 381 24000 28000 32489604 32497604 92104691.908975 174254898.649181 0.000000
 APP 2 RANK 41  857 382 28000 28000 36249024 36249024 117889668.476011 174262598.609597 0.000000
 APP 2 RANK 42  858 383 28000 24000 32512212 32504212 113157082.590903 174265915.271474 0.000000
 APP 2 RANK 43  864 384 24000 28000 33330416 33338416 141009964.854111 174255361.233489 0.000000
 APP 2 RANK 44  865 385 28000 28000 36664632 36664632 141201508.219886 174264312.866885 0.000000
 APP 2 RANK 45  866 386 28000 24000 32512460 32504460 141467762.525290 174267882.032428 0.000000
 APP 2 RANK 46  867 387 24000 28000 32504656 32512656 131947697.281928 174257722.280635 0.000000
 APP 2 RANK 47  873 388 28000 28000 36240660 36240660 158746789.310466 174265589.779903 0.000000
 APP 2 RANK 48  874 389 28000 24000 32497448 32489448 152422523.936783 174269094.423070 0.000000
 APP 2 RANK 49  875 390 24000 28000 34559788 34567788 145636221.766098 174256944.498304 0.000000
 APP 2 RANK 50  876 391 28000 28000 32073480 32073480 92971921.942248 174264244.370481 0.000000
 APP 2 RANK 51  882 392 28000 28000 38736336 38736336 136559257.454198 174261979.800313 0.000000
 APP 2 RANK 52  883 393 28000 28000 38740296 38740296 121279680.703030 174261628.900787 0.000000
 APP 2 RANK 53  884 394 28000 24000 32496240 32488240 115108316.599395 174264280.582206 0.000000
 APP 2 RANK 54  885 395 28000 32000 39172064 39180064 119092923.249394 174258476.192889 0.000000
 APP 2 RANK 55  891 396 28000 24000 33734884 33726884 101608771.613358 174261938.447784 0.000000
 APP 2 RANK 56  892 397 24000 24000 27921168 27921168 79656875.339902 174256636.831297 0.000000
 APP 2 RANK 57  893 398 28000 32000 39571236 39579236 137052231.030985 174267735.016856 0.000000
 APP 2 RANK 58  894 399 28000 24000 32913348 32905348 135598149.950778 174271293.984392 0.000000
 APP 2 RANK 59  900 400 24000 28000 32901292 32909292 109234535.526817 174259738.070057 0.000000
 APP 2 RANK 60  901 401 28000 28000 36652636 36652636 124900711.183044 174268417.781951 0.000000
 APP 2 RANK 61  902 402 28000 24000 32903816 32895816 133049540.070903 174272068.065983 0.000000
 APP 2 RANK 62  903 403 24000 24000 29578936 29578936 102775709.209990 174260066.427369 0.000000
 APP 2 RANK 63  909 404 28000 32000 40420396 40428396 155294037.227986 174268561.807465 0.000000
 APP 2 RANK 64  910 405 28000 24000 32511148 32503148 147989833.017839 174271888.233236 0.000000
 APP 2 RANK 65  911 406 24000 28000 32486276 32494276 102089751.471477 174260919.208912 0.000000
 APP 2 RANK 66  912 407 28000 28000 36263460 36263460 150911024.001230 174269092.801792 0.000000
 APP 2 RANK 67  918 408 28000 24000 32516192 32508192 132051145.093431 174272657.912896 0.000000
 APP 2 RANK 68  919 409 24000 28000 33328608 33336608 96029520.179847 174263107.996544 0.000000
 APP 2 RANK 69  920 410 28000 28000 36652080 36652080 130979531.127645 174271896.400384 0.000000
 APP 2 RANK 70  921 411 28000 24000 32513128 32505128 145779183.957863 174275481.268508 0.000000
 APP 2 RANK 71  927 412 24000 28000 32502492 32510492 121589674.930594 174263996.093095 0.000000
 APP 2 RANK 72  928 413 28000 28000 36243032 36243032 137121774.861344 174272624.860949 0.000000
 APP 2 RANK 73  929 414 28000 24000 32513740 32505740 152954160.501785 174276083.606948 0.000000
 APP 2 RANK 74  930 415 24000 28000 34580544 34588544 124642796.446776 174264132.631295 0.000000
 APP 2 RANK 75  936 416 28000 28000 32073304 32073304 127376522.400169 174275170.297131 0.000000
 APP 2 RANK 76  937 417 28000 28000 38745076 38745076 150091746.266360 174272567.595028 0.000000
 APP 2 RANK 77  938 418 28000 28000 38745084 38745084 137678420.499960 174271851.810644 0.000000
 APP 2 RANK 78  939 419 28000 24000 32506812 32498812 150862957.089085 174274455.630316 0.000000
 APP 2 RANK 79  945 420 28000 32000 39157496 39165496 124648208.875213 174267081.618229 0.000000
 APP 2 RANK 80  946 421 28000 24000 33753704 33745704 110000187.098904 174270650.203841 0.000000
 APP 2 RANK 81  947 422 24000 24000 27913272 27913272 81757425.362903 174262041.535288 0.000000
 APP 2 RANK 82  948 423 28000 32000 39590796 39598796 131797368.140813 174263780.114108 0.000000
 APP 2 RANK 83  954 424 28000 24000 32925712 32917712 117408075.893226 174267171.914018 0.000000
 APP 2 RANK 84  955 425 24000 28000 32915360 32923360 87036528.677933 174255523.863702 0.000000
 APP 2 RANK 85  956 426 28000 28000 36667220 36667220 122354544.824808 174264736.691915 0.000000
 APP 2 RANK 86  957 427 28000 24000 32913384 32905384 122199310.767239 174268457.259007 0.000000
 APP 2 RANK 87  963 428 24000 24000 29579992 29579992 85992581.891275 174255920.835977 0.000000
 APP 2 RANK 88  964 429 28000 32000 40408496 40416496 118306127.462118 174267397.835267 0.000000
 APP 2 RANK 89  965 430 28000 24000 32501152 32493152 107795690.940982 174271252.243876 0.000000
 APP 2 RANK 90  966 431 24000 28000 32488836 32496836 97149100.931521 174259558.211622 0.000000
 APP 2 RANK 91  972 432 28000 28000 36249616 36249616 114338650.129426 174269490.737600 0.000000
 APP 2 RANK 92  973 433 28000 24000 32511208 32503208 122896590.376487 174273000.083042 0.000000
 APP 2 RANK 93  974 434 24000 28000 33332156 33340156 102331359.028401 174260721.952606 0.000000
 APP 2 RANK 94  975 435 28000 28000 36649744 36649744 127613262.684272 174262366.585071 0.000000
 APP 2 RANK 95  981 436 28000 24000 32494248 32486248 112176178.231118 174265683.705539 0.000000
 APP 2 RANK 96  982 437 24000 28000 32497608 32505608 105871774.852526 174257793.660366 0.000000
 APP 2 RANK 97  983 438 28000 28000 36236440 36236440 115757333.803182 174265479.827467 0.000000
 APP 2 RANK 98  984 439 28000 24000 32480632 32472632 109835483.415681 174268813.080663 0.000000
 APP 2 RANK 99  990 440 24000 28000 34541172 34549172 106949524.092418 174257114.036109 0.000000