# Format <LP ID> <Group ID> <Router ID> <Busy time per router port(s)># Router ports in the order: 8 local channels, 4 global channels 

 8 0 0 0.000000 633825.416529 1031511.858445 757863.308066 497505.494283 513501.417097 742413.994253 4780.520718 6571.672348 299725.182509 222105.809013 45043.385079
 17 0 1 256612.135205 0.000000 1318429.741603 7550.138434 194721.034134 404520.408977 36794.592751 0.000000 1357734.626998 0.000000 662232.032120 20981.548123
 26 0 2 736759.511647 1180272.478563 0.000000 646676.109234 803810.367520 575551.905741 266368.319788 586884.839617 544113.368997 953188.118301 25788.303011 0.000000
 35 0 3 782295.609154 38025.449877 593802.965160 0.000000 28411.056105 177278.145835 53808.364424 64703.253532 62993.967659 4127.293739 561133.901749 565211.469136
 44 0 4 375219.376595 0.000000 806858.111246 8947.984765 0.000000 368665.394409 113697.265273 0.000000 45183.009992 883342.782172 154770.095283 993396.130621
 53 0 5 598626.077675 1099278.874122 1296560.312490 161995.084055 991084.127279 0.000000 180273.868804 3389.254447 12769.237270 157577.540535 79574.000134 757408.319287
 62 0 6 824669.206846 52971.816615 1430357.322037 57896.731099 200582.380844 202155.188559 0.000000 67680.475272 265230.482056 629895.618408 279774.834776 82946.120154
 71 0 7 329588.111201 96774.538124 1421907.983563 63839.135296 161574.196922 218057.863333 34951.295286 0.000000 0.000000 340176.404315 403352.775542 49016.946176
 80 1 0 0.000000 106050.682071 156378.406458 903153.198227 105669.970233 1425985.662952 0.000000 16986.806733 668832.820190 70492.977430 47160.415254 775761.769262
 89 1 1 86992.717824 0.000000 704664.124669 246031.762711 65042.483803 1102409.534452 17043.342384 206903.702317 1044335.801893 37745.849369 838937.428400 0.000000
 98 1 2 262288.239151 1187929.175971 0.000000 772882.242229 564079.027058 323095.044640 367260.379553 161501.133358 514688.594163 64045.362313 396113.695692 6029.262154
 107 1 3 1028144.042079 860082.739374 630889.646397 0.000000 697198.611054 662499.633045 491121.428598 900461.230726 296591.244607 0.000000 0.000000 0.000000
 116 1 4 87280.077184 90466.267935 762682.577268 1237387.098538 0.000000 240406.315234 99901.340652 93272.283841 124368.626813 444743.264132 33731.378707 438203.798348
 125 1 5 540102.054211 797563.686419 239091.243991 1201269.776412 43163.841517 0.000000 6684.069177 1054546.725711 42627.274863 0.000000 446904.391452 25472.108188
 134 1 6 4805.907989 16336.144072 521944.458322 1870440.374599 30450.268582 392301.956142 0.000000 40252.186030 233936.989512 133438.916129 402189.707669 158626.550817
 143 1 7 1969.236684 152419.953685 222246.256847 1196141.227577 50797.055607 571927.697904 120406.800324 0.000000 951184.832469 46990.485936 684849.289711 263386.549685
 152 2 0 0.000000 987143.204596 229580.447344 379400.858660 610274.090690 286095.566963 752003.947915 778424.254708 679533.375984 499582.588797 386005.038832 390977.992860
 161 2 1 939461.855933 0.000000 773543.782111 1142546.454210 708934.291947 803253.414767 783767.716576 879344.856954 273888.747832 0.000000 152220.963382 31460.952346
 170 2 2 114969.715616 360407.540664 0.000000 1344870.287107 150939.531720 500361.561563 748852.023948 17511.298831 2551.222858 538044.825049 570311.573133 0.000000
 179 2 3 179952.478281 1426406.342760 960434.574291 0.000000 550177.624958 592980.495900 172276.009513 0.000000 1428137.005627 545393.704704 185368.819336 432908.350132
 188 2 4 647867.116907 1435781.361900 264698.633785 1640720.313470 0.000000 728389.896118 781238.252443 320933.652920 205831.206441 793217.064535 462245.633930 615117.512078
 197 2 5 717295.077732 1318425.746528 589376.138151 892120.759596 665040.390658 0.000000 840382.798165 763551.324468 1662.896853 339473.877099 872517.979236 474204.293201
 206 2 6 846250.580611 452298.882313 911379.172256 199322.175321 1037914.923147 889621.014215 0.000000 110590.473123 705831.090257 871007.902538 232470.921406 406834.579934
 215 2 7 481035.828152 1411853.265462 43672.027546 19284.221190 216392.806754 524897.748968 168547.353237 0.000000 419469.314903 28571.285775 711601.838372 403107.451386
 224 3 0 0.000000 1304226.462411 172500.372263 523188.341161 751431.534743 132872.436617 624021.620245 1171441.033273 9287.777490 29187.091864 128541.665988 21051.937769
 233 3 1 1604034.261509 0.000000 962141.859172 572721.874128 945344.134339 236907.559145 691181.601350 167570.988804 126471.751387 0.000000 236792.221556 685554.442144
 242 3 2 224195.337702 576109.755847 0.000000 930405.511743 254658.225778 148100.640907 471947.554315 247014.073458 1126645.162345 23496.397263 188654.753016 4493.042303
 251 3 3 341768.077802 805937.975821 716735.352804 0.000000 547187.531191 1626302.123578 998124.626199 1607968.592647 136222.066454 363725.644202 10751.432966 175400.005725
 260 3 4 353539.715360 870433.934598 197396.445651 624459.853027 0.000000 7639.808193 592957.437489 80039.197007 392169.831551 1348544.572723 405467.050098 649647.365621
 269 3 5 204918.168197 197863.909080 114792.858766 596120.292680 719207.445138 0.000000 849342.932624 90447.066852 164993.442336 921255.103059 236816.449715 285830.604996
 278 3 6 237022.654917 995531.396633 762489.889108 484499.582798 948460.685504 454970.953603 0.000000 205071.580688 640088.793923 48949.211602 409255.940302 109459.586763
 287 3 7 604910.350070 135148.427458 239713.234620 444658.956606 623742.344902 87649.486579 244247.218825 0.000000 16159.748409 1314203.470561 334563.617565 76736.662030
 296 4 0 0.000000 110345.653177 1134671.990851 1230146.649441 31678.314690 546337.321592 723111.810877 1151225.173192 0.000000 369665.129525 324501.989975 211590.907838
 305 4 1 188118.120353 0.000000 667855.630351 0.000000 20027.405215 244027.497411 434109.518694 634495.636171 467445.713654 210341.676667 519659.432872 665279.525200
 314 4 2 635481.685570 797378.727201 0.000000 108852.768461 1392420.296803 227103.764149 654990.520721 592043.089117 550398.871555 896567.586937 17930.247482 0.000000
 323 4 3 421145.022152 0.000000 619525.423842 0.000000 22922.141303 529664.987940 593090.131071 475160.816762 816246.794251 0.000000 887133.854596 88325.375605
 332 4 4 11874.873413 0.000000 367882.295233 62270.135724 0.000000 0.000000 57210.817933 586795.681841 0.000000 541064.553445 20358.091522 792474.587720
 341 4 5 370500.336876 28533.581402 241815.229186 168622.744677 39581.149677 0.000000 509521.285566 1489375.585557 546692.151108 203009.418049 558333.753527 49412.304616
 350 4 6 999109.662526 696609.726360 930395.088552 1291886.404636 82557.134180 535473.390414 0.000000 252445.381883 537941.962528 0.000000 233966.062066 142566.048695
 359 4 7 666427.074112 1259695.534119 639851.761268 295190.658916 795340.209097 1479181.035253 386279.841245 0.000000 694.405179 17939.936232 923646.700163 182894.366299
 368 5 0 0.000000 257538.789720 332341.444437 100887.409899 15973.310715 303159.292106 74245.298352 10858.013551 392795.382692 0.000000 496489.823446 0.000000
 377 5 1 357699.824464 0.000000 334350.745704 150099.809671 267264.186952 656647.344128 1260.726483 93256.657936 353199.978693 316605.208993 114011.195137 0.000000
 386 5 2 80843.834257 604375.244468 0.000000 8370.626939 5979.816741 352141.776143 94544.593166 13132.636876 539783.204644 364526.721005 22491.259294 12698.385092
 395 5 3 0.000000 430447.354999 327236.404921 0.000000 63451.421756 449579.473123 158233.014860 18189.799821 42742.339713 215238.806833 27676.245819 299599.830629
 404 5 4 921.636340 615204.347258 173001.528176 29518.788922 0.000000 515102.112283 74288.171319 29476.936309 304803.274899 370489.384281 8651.932399 4169.492330
 413 5 5 78308.355234 640322.960856 3107.842076 252616.584902 320209.771830 0.000000 318812.373962 388797.690428 18414.189139 780991.813149 7480.123269 4313.272927
 422 5 6 138835.543155 173471.217277 65896.232264 57423.630541 112691.734107 629619.144875 0.000000 63536.979559 477646.555182 19225.073142 159346.047731 0.000000
 431 5 7 48126.839635 98545.046398 49416.675847 40362.712321 23375.995991 496392.977296 40792.745616 0.000000 351573.064133 7340.288384 19922.698239 44641.934148
 440 6 0 0.000000 121213.081064 524501.180433 0.000000 1116722.089452 507403.806775 174422.957297 1868.733880 191702.787161 489698.888106 304201.273032 800758.353064
 449 6 1 62247.489492 0.000000 381338.904130 7216.931005 557586.501693 213701.016951 327418.329481 50031.571348 1416402.114801 1276.557366 423706.381203 10664.494925
 458 6 2 148378.911425 1472470.964270 0.000000 1093778.718067 710217.456057 579083.528860 479899.765055 36552.520326 751044.676716 250173.336975 897116.769736 60263.472467
 467 6 3 30839.645427 1644.810811 594483.091186 0.000000 1487703.183176 594322.389335 227347.586922 600.887410 139809.295494 550395.264656 524306.424912 844975.961555
 476 6 4 972591.979575 622165.019949 510041.091934 1046988.772013 0.000000 396572.069647 476231.636625 787607.350077 758504.365598 414284.654679 8707.566963 62107.303634
 485 6 5 673871.667639 28530.380613 672339.842046 856128.411036 1087756.098956 0.000000 825895.996860 1332734.723302 155781.054167 0.000000 43844.256642 145738.026262
 494 6 6 166693.167138 1305174.119651 808699.516529 283452.849812 558959.762429 833444.042512 0.000000 953254.502334 830225.725545 511879.586760 6636.737147 0.000000
 503 6 7 7572.557847 131568.616548 378330.192802 39767.498195 578940.762618 709565.308553 719775.030575 0.000000 9810.492791 29871.779830 1405058.478869 9168.541226
 512 7 0 0.000000 21450.971528 301043.186988 908816.280336 31092.115190 26404.502288 86217.328163 0.000000 478097.048664 369394.477573 6372.265030 0.000000
 521 7 1 159162.428334 0.000000 4220.844703 1667617.138717 154047.658216 21125.536569 56837.086537 0.000000 290990.544846 66678.520385 381910.789801 0.000000
 530 7 2 148050.950390 2673.083150 0.000000 566106.410020 45836.780295 25352.632132 29205.879726 0.000000 1008007.399773 28701.564887 42745.749444 172.769797
 539 7 3 310131.160689 230624.427674 424436.106781 0.000000 192906.373564 290613.966521 152025.460338 0.000000 3789.621637 8976.900712 0.000000 4431.641139
 548 7 4 38091.968074 35109.714707 277400.403775 213133.695508 0.000000 79573.953703 445802.002890 32712.671870 130510.186686 917690.309012 107305.686225 1162.904126
 557 7 5 82803.152341 76072.769202 215409.683669 403711.691353 125252.409424 0.000000 5535.194187 39617.001860 400894.690412 0.000000 412490.812870 29933.688798
 566 7 6 430.878909 52235.945861 214955.145749 63974.564678 218467.171447 43309.900449 0.000000 78888.753659 199556.304969 0.000000 726861.763041 0.000000
 575 7 7 10336.233160 72619.567031 23623.984228 0.000000 141725.847621 120297.706543 174486.315412 0.000000 5900.548519 0.000000 7638.593794 51886.994377
 584 8 0 0.000000 501962.585703 72734.348858 150298.532465 200141.405946 109994.721249 78379.681584 910308.076212 264091.557381 626635.510073 18969.881724 347186.698323
 593 8 1 903308.599767 0.000000 890015.398346 722934.867319 390072.481414 179325.943547 581948.319669 635467.461779 144989.866162 18386.392145 253577.341514 303521.284787
 602 8 2 11631.881899 239188.341145 0.000000 77794.504852 109371.591572 113712.640518 583400.458138 765868.458549 900490.953039 285424.372349 50002.659482 2623.819590
 611 8 3 14919.591341 718837.646885 94872.028415 0.000000 80165.326747 0.000000 201715.235471 727631.622583 87229.207731 456868.898659 77051.127317 541583.144857
 620 8 4 46506.043523 170656.231816 17146.237430 65360.165494 0.000000 67761.915615 1006924.336436 805861.167907 721758.246369 1002989.284790 382244.817082 362879.912356
 629 8 5 33888.923985 125993.102644 21619.481019 0.000000 73185.187021 0.000000 139410.832190 673027.023963 0.000000 470572.319380 377297.095132 103767.586523
 638 8 6 103899.379813 415782.621551 482685.285635 146009.443654 465749.281739 195248.024803 0.000000 1151652.342975 551562.057540 30531.472556 199632.030082 88980.221233
 647 8 7 655748.476155 598836.453237 758973.685960 509621.053726 1020197.584793 736038.152314 1296264.058363 0.000000 1282828.705392 4092.385257 47254.754918 8874.094823
 656 9 0 0.000000 48504.885949 99853.472620 112922.473441 0.000000 222031.424501 0.000000 172761.123816 233412.793247 135763.918297 46746.660782 69142.625357
 665 9 1 108456.735745 0.000000 66542.522496 1121958.346481 21832.818664 96895.265688 12883.264766 55716.027858 28375.041523 758495.300060 1001723.276511 44787.324700
 674 9 2 31004.869844 922470.209855 0.000000 253202.150040 405897.305402 368976.617575 37357.982524 903841.388428 12931.759832 25882.492987 45782.265309 44290.029456
 683 9 3 4743.114235 671465.037535 270090.817516 0.000000 601924.731545 798589.184705 5126.036847 757925.988317 62596.935383 479811.391390 5976.143142 245903.533375
 692 9 4 61003.186322 0.000000 483970.162017 198772.728770 0.000000 299638.038055 3702.827287 3863.867267 299438.947504 686277.999003 14644.221690 16079.190563
 701 9 5 7179.948174 613528.160075 751568.691289 341398.467454 34046.735404 0.000000 0.000000 748223.929603 124360.417648 588268.330466 556688.049836 592363.338880
 710 9 6 3972.960645 3327.004716 258426.824253 197802.283531 0.000000 293139.862146 0.000000 11426.062764 40602.987740 2682.995683 65578.082842 0.000000
 719 9 7 219813.455046 116802.541758 275697.866313 292799.106473 0.000000 497139.645517 0.000000 0.000000 33184.101240 623269.962680 940275.493349 0.000000
 728 10 0 0.000000 897653.660512 0.000000 595577.057117 552599.744397 1219038.986850 728818.020454 122416.160679 102620.823729 447143.558109 364459.299622 548178.475164
 737 10 1 624727.239652 0.000000 0.000000 100336.920164 328290.163810 294212.788555 141251.743256 501396.426483 73394.510865 7370.504622 714951.165757 487559.729245
 746 10 2 2191.932511 0.000000 0.000000 77060.997583 830176.168176 62010.986506 8369.307627 0.000000 402324.124055 96584.688525 4969.884305 5302.188248
 755 10 3 603899.364618 89134.807526 117397.875655 0.000000 137344.326047 279425.051047 84187.237065 234361.128957 61763.656312 417880.126695 330815.648905 31792.772247
 764 10 4 455062.797689 90311.659810 542303.518462 412089.841876 0.000000 959801.232182 545550.655918 673731.554477 314611.064223 954579.251184 642760.579680 605056.572257
 773 10 5 576094.583763 161660.830410 84932.773921 251446.811720 683087.735302 0.000000 368413.399591 584662.191131 519435.988477 1375.149784 440664.205813 122621.871429
 782 10 6 711724.540034 165562.458785 0.000000 160864.718019 428871.209354 281174.079339 0.000000 1111518.632555 288508.027234 681507.306131 816386.806854 463184.135073
 791 10 7 268762.016996 618649.049089 2819.491107 294303.374103 1124901.555263 418787.948505 1180303.502373 0.000000 10458.431891 468726.708753 164231.099695 720.209853
 800 11 0 0.000000 524985.318341 130107.792011 306717.433257 335822.620538 240168.351487 409488.804062 263955.121431 20792.115093 997806.356923 187678.932546 34111.587821
 809 11 1 989862.931931 0.000000 978147.228170 718863.727795 848662.017557 971780.044124 575019.734939 604038.697991 15118.753093 798273.126914 171629.527961 144028.247466
 818 11 2 50865.688701 657910.548107 0.000000 386340.312445 148274.412386 70582.158283 188724.449291 533628.287239 1075214.043203 470214.191306 0.000000 31493.677556
 827 11 3 198419.276775 873997.194909 832525.908768 0.000000 796607.095333 771257.557503 349229.685837 335139.079264 388373.904256 468422.742179 558593.687359 4371.333608
 836 11 4 245854.570523 923390.421428 234518.668970 407194.917179 0.000000 100606.026044 315309.558139 688350.583760 188060.519086 1368264.557972 599641.354082 549077.834255
 845 11 5 60625.557368 643820.264315 103403.822807 319015.462426 725326.816851 0.000000 1004255.230275 447679.570625 189470.221371 1653207.472085 204365.219393 332599.048561
 854 11 6 1094167.790927 724100.161466 85643.925459 637217.884719 685053.538957 1239362.875315 0.000000 313478.077262 725834.285255 588970.911452 215697.320930 692385.039433
 863 11 7 56491.746597 947865.808073 562077.450127 633808.020550 820541.808028 1439518.328640 495528.855052 0.000000 2015.956044 165377.350952 330323.358108 68985.112566
 872 12 0 0.000000 618319.236337 877342.769842 4731.396650 1230434.003681 13762.927352 1920523.465883 575276.395244 104853.798135 354954.470382 132241.717009 36893.977678
 881 12 1 619139.904070 0.000000 1660574.127310 32077.773886 1137843.316789 27898.277976 1396525.791027 613456.509003 563043.817785 93896.041389 380596.181378 580227.551636
 890 12 2 259544.540378 311135.628735 0.000000 124824.667743 33636.168588 195343.664414 2086135.100483 236046.112491 1303192.520733 2307.312923 85445.399082 0.000000
 899 12 3 137054.798874 239367.558567 99143.862440 0.000000 108533.577281 0.000000 2017283.447791 219742.917952 257450.797928 265946.193467 332446.969273 75530.654526
 908 12 4 116725.131371 770983.371204 88601.737120 172435.838697 0.000000 66169.594561 595715.414251 306394.374324 329904.725920 1426059.491382 1065107.003540 471071.875230
 917 12 5 141321.762766 91077.759834 96678.797954 2945.121784 8661.854631 0.000000 1090047.599677 363584.719423 316757.179720 22444.934013 487868.134428 672341.315579
 926 12 6 792204.975976 800153.035569 887304.383547 771457.495046 905382.026632 969443.549819 0.000000 698514.446165 968463.682751 762254.103630 825575.294344 32070.062875
 935 12 7 393817.497021 711226.190672 81808.013346 81525.865794 1722963.957196 1067573.529449 1977741.829032 0.000000 184687.854159 23875.762295 714062.838186 357826.259568
 944 13 0 0.000000 124260.976702 520688.110990 27679.999527 156743.776977 436307.180034 288641.237109 213758.570459 668127.790974 432233.631044 197883.384470 773403.836008
 953 13 1 205218.214935 0.000000 572701.548383 294958.835540 1007274.224040 1209856.635101 552789.454935 685891.767990 12905.795550 332941.738456 23076.661537 156082.915897
 962 13 2 162229.991839 429332.812335 0.000000 22755.530646 59117.688737 147551.433407 323394.728926 127781.875232 886447.457142 329375.844820 6432.736666 0.000000
 971 13 3 6504.288881 58224.959777 337542.394746 0.000000 116042.855305 933397.561718 1386612.304729 103350.832409 354093.884929 586564.229618 0.000000 1063693.510725
 980 13 4 213051.636607 234289.250879 395048.309734 123093.745962 0.000000 488765.141051 366505.056329 402839.483610 82034.592950 169836.212482 1094769.631066 305777.486966
 989 13 5 794271.552340 1298299.434017 693548.616330 1525330.241607 721181.794966 0.000000 348052.859825 1024313.657439 101740.096642 351224.989670 27439.908717 0.000000
 998 13 6 597506.654114 755235.086957 20908.505650 547180.933188 72436.364331 429629.025387 0.000000 484535.811136 619486.518913 5742.445344 287426.194154 79587.130467
 1007 13 7 771198.916567 299637.054530 6828.222801 422742.367376 370745.369071 277622.017480 157439.024162 0.000000 4203.982459 42159.318666 450660.538402 0.000000
 1016 14 0 0.000000 724266.232550 799668.929982 914796.780610 48238.684015 1002731.284280 283734.405653 344068.685828 456070.699358 31654.594021 592021.419791 1182.102950
 1025 14 1 554902.957201 0.000000 322815.085568 117130.964093 90572.498787 426236.272133 355055.328287 79070.391515 911204.088979 0.000000 0.000000 673954.563411
 1034 14 2 689950.898384 80675.750131 0.000000 81703.181900 87150.376326 825007.015220 444305.808019 0.000000 781852.270410 868255.735997 284433.600515 14182.783698
 1043 14 3 584502.305374 91142.251943 133016.302717 0.000000 72298.674991 503251.726730 428540.898028 70505.913617 273451.668151 526396.476546 624963.382132 76812.898628
 1052 14 4 175293.498877 78358.490344 144687.972154 68339.650093 0.000000 264874.083295 780405.083826 13682.456145 21824.143755 206015.631822 11773.284181 155117.777814
 1061 14 5 680648.858755 1056641.564560 1671863.824630 898362.917688 28987.873286 0.000000 1236203.711447 266886.061727 113261.782953 3707.472127 29781.678683 521244.655417
 1070 14 6 326761.593898 408341.136039 485738.855223 271262.698269 185667.059429 357944.107770 0.000000 675462.031543 582799.834600 439861.422466 0.000000 0.000000
 1079 14 7 143399.439917 57909.433817 0.000000 20667.115834 14064.782051 437763.772547 687359.216123 0.000000 0.000000 2358.530106 637179.525088 62170.890912
 1088 15 0 0.000000 9380.170509 247885.241935 237305.158413 260968.473273 652099.339753 176575.927423 0.000000 535545.157458 32081.663881 35556.090734 291388.695663
 1097 15 1 57552.747030 0.000000 62505.613819 1370439.393497 732855.416571 251923.244140 0.000000 162255.021028 90910.456711 67486.260102 1224477.009100 0.000000
 1106 15 2 7520.137483 36434.737147 0.000000 407810.758474 612976.867923 135904.506778 16901.849038 18017.065580 603427.724692 1039564.137196 65648.883354 23594.569950
 1115 15 3 3478.931301 829490.523081 787548.329175 0.000000 1397801.027377 285680.212185 147190.006626 101065.531730 686186.109825 689540.509002 0.000000 293337.904659
 1124 15 4 111284.093716 1114317.054811 1052421.410991 533146.838715 0.000000 506088.788703 392397.352307 771338.239780 263447.504763 1039076.283966 182978.762977 71598.160641
 1133 15 5 490479.904699 423778.375331 242803.866012 479589.412007 772062.921070 0.000000 47607.813278 826367.723327 0.000000 23922.625674 463144.196713 23848.838833
 1142 15 6 0.000000 5845.458499 267110.197738 173226.694342 506669.846609 225897.448245 0.000000 0.000000 150901.807991 0.000000 687481.472928 1684.072863
 1151 15 7 0.000000 126271.338656 66086.553315 0.000000 1388590.731468 894974.832338 269827.351881 0.000000 2577.828647 847123.812643 145149.438290 91190.995698
 1160 16 0 0.000000 429043.698566 74646.721642 437264.094642 333082.829329 148101.733431 527860.329661 374740.947444 695594.366319 635.568645 217964.604929 904064.922311
 1169 16 1 777941.402718 0.000000 52560.205883 39514.837527 309806.910808 73453.652314 5056.857800 929906.343294 79891.950345 18065.770087 388947.404246 618668.017546
 1178 16 2 631000.644694 91717.931054 0.000000 104357.120514 70129.434145 105166.882712 90360.303434 1292356.488236 6451.984459 13749.486184 294750.219754 710.395889
 1187 16 3 802437.005448 140474.219169 100453.053510 0.000000 43023.699977 99131.889170 66327.259560 1016735.362483 53978.930655 4707.955297 132230.319094 434576.645259
 1196 16 4 251271.216269 6647.755473 1417.991445 8066.106589 0.000000 5577.478071 7181.132134 884478.951295 704633.329581 1090657.706518 182917.791393 39973.189223
 1205 16 5 406820.791891 11084.592709 86933.934446 108540.586496 140257.199143 0.000000 47682.963454 1340198.800088 64907.719996 61182.484280 446850.730782 83089.791528
 1214 16 6 694011.514822 0.000000 5706.550723 5821.852892 419603.782822 103084.268117 0.000000 1334615.363556 344545.112815 370473.763626 242333.077550 248565.789954
 1223 16 7 510972.975016 485888.006078 180113.571582 51711.695642 633535.794835 424715.058813 432424.230197 0.000000 581.137847 9928.160185 696311.381731 2764.193725
 1232 17 0 0.000000 1128817.950586 46014.071503 46553.652423 64007.483307 356842.592577 183042.276424 1015400.087818 297606.277212 54582.918075 410832.205950 31589.677144
 1241 17 1 1128251.984762 0.000000 752175.032359 595402.081697 184734.266124 88019.183338 632530.774793 252900.204140 655218.065594 808020.300191 545049.879088 12794.010078
 1250 17 2 323744.934463 849288.552052 0.000000 76311.736122 44294.918863 40158.918155 388308.483868 55418.941175 481976.107725 473203.888562 0.000000 31805.929041
 1259 17 3 159028.389521 932226.725628 87303.449581 0.000000 776441.046913 100160.423052 746100.345654 1297616.603797 183042.933358 0.000000 70864.205328 80130.589676
 1268 17 4 263662.364239 519178.055279 5104.761297 875959.618817 0.000000 60929.139909 611624.929270 29462.435160 419555.786240 369402.507434 217573.949011 395192.130810
 1277 17 5 299356.930952 440906.230895 49767.409382 139755.443510 102889.430150 0.000000 366183.543552 62109.763838 368280.760099 5742.501572 136404.943145 50353.943113
 1286 17 6 280759.456069 682949.786085 685450.269877 881857.666928 667833.298125 32308.976826 0.000000 1465576.324877 111976.538088 6017.104217 77472.076194 181371.081295
 1295 17 7 1115652.070664 1118730.491350 87078.621044 309196.140841 19646.122345 60736.517527 418839.058284 0.000000 807543.891669 1340361.923811 158723.465852 44024.046826
 1304 18 0 0.000000 183653.956499 60348.932256 480732.780990 378744.798602 392465.233619 371851.206768 423034.354361 192466.243368 22102.723093 290777.197964 19381.130036
 1313 18 1 314849.496203 0.000000 328188.021034 517824.978135 414176.025276 44175.567792 62941.636645 317344.338516 258350.273636 11758.748015 36178.256861 6257.389631
 1322 18 2 20790.646386 795384.100872 0.000000 0.000000 242821.770110 19629.405538 92324.608567 27644.454096 491635.961396 55454.164210 71197.051660 23845.245569
 1331 18 3 249395.810211 540957.865043 1000.165300 0.000000 224753.294365 48065.359434 99518.554705 41849.605335 542196.626114 0.000000 460942.921124 0.000000
 1340 18 4 203103.590807 165021.024674 111323.514399 83902.078334 0.000000 75109.019483 115532.256504 94909.420460 248199.435620 1063896.472542 286506.509123 111807.096187
 1349 18 5 83847.642712 141862.489612 2033.969948 5726.793369 330406.523608 0.000000 68958.983979 7266.770215 57759.253853 0.000000 609488.810257 117185.768925
 1358 18 6 991517.476889 139304.978972 72271.469946 91472.314501 260529.988915 59414.222773 0.000000 66041.115842 434986.755332 93144.948560 401802.285626 94679.777842
 1367 18 7 613952.383288 641432.009694 18663.536660 723.123128 333492.338312 4433.908810 28141.420758 0.000000 0.000000 7092.358466 496734.220730 258080.410419
 1376 19 0 0.000000 94782.903234 220254.240158 339714.540159 204363.888278 173572.719706 212420.590363 54445.195723 159396.313620 81787.429650 213096.275720 10997.370686
 1385 19 1 172635.230020 0.000000 220646.695651 31827.329697 224078.635410 66488.412744 367619.208993 67806.277316 10974.339622 0.000000 616515.358401 762.068160
 1394 19 2 139989.620882 631815.710670 0.000000 419679.284067 422579.463560 523320.502600 902892.874181 191286.203604 319305.848936 883.485707 20623.473623 0.000000
 1403 19 3 1223481.994700 0.000000 25993.964678 0.000000 161780.391352 15734.614162 268337.165175 52221.244837 317638.820973 217690.039189 206875.003252 3379.796267
 1412 19 4 1028094.325662 42359.725868 761300.376499 50668.675926 0.000000 74899.459124 453656.063474 100551.772514 425253.060183 917969.745079 613476.300349 14691.617101
 1421 19 5 186676.822700 93218.164223 147104.316606 37614.144095 286487.921124 0.000000 12896.784108 27966.973720 74481.514381 12499.178291 237295.994799 280505.783860
 1430 19 6 706762.007322 189720.862138 936605.211761 20451.397781 326230.757379 48738.905935 0.000000 149059.097615 1067983.675212 107262.233476 156919.640691 52496.883287
 1439 19 7 177434.478468 50258.396036 129843.041331 76991.842905 279045.076850 11329.143983 77172.114468 0.000000 5981.242959 181434.791583 233882.389955 112505.446069
 1448 20 0 0.000000 7153.522205 323223.741682 106818.924575 405359.761256 67402.617355 1099461.007769 100109.469277 59363.064205 596828.677052 106.012510 41752.699120
 1457 20 1 2979.888348 0.000000 209228.379237 94598.743779 280941.014609 113798.545370 569386.288698 83106.888449 180449.979444 0.000000 524365.804721 62706.477662
 1466 20 2 45504.293093 21948.033799 0.000000 754311.159454 566624.875512 53866.409301 1196666.706959 1414086.107826 926136.576523 605242.673834 0.000000 19025.386273
 1475 20 3 124300.848347 507.373338 511390.951373 0.000000 332138.235371 25482.874151 1571333.743881 222676.280760 102245.381912 513716.941716 1004423.768067 61560.331609
 1484 20 4 767244.130755 98656.057763 805767.284424 640431.610678 0.000000 629596.395240 1664368.681515 206130.718840 0.000000 0.000000 782153.569281 150170.070584
 1493 20 5 63492.061118 134365.985742 264297.269257 129976.907338 380171.752769 0.000000 1084147.804653 37235.786556 0.000000 500740.754257 406408.201151 30565.935899
 1502 20 6 95458.298760 731593.081764 575805.914365 646596.298433 459839.099548 631605.087760 0.000000 1291925.458973 60133.514290 2068.427688 934684.889484 36635.222710
 1511 20 7 25825.564011 25894.406886 545672.528475 117154.412600 317497.788229 14863.852762 862893.507389 0.000000 23390.544800 55939.514878 1525094.644593 0.000000
 1520 21 0 0.000000 995416.366921 866217.368464 1175255.495288 107410.080268 50545.685065 666027.437279 785748.295972 597924.319366 47273.165600 736445.305611 0.000000
 1529 21 1 1043691.596645 0.000000 5477.514723 1114540.057763 40748.517939 28899.737420 94110.788380 28541.441679 753190.200648 590939.835726 44569.054853 0.000000
 1538 21 2 1183960.914249 0.000000 0.000000 1776409.585604 84660.913837 0.000000 149337.042239 19177.446738 888638.447866 406613.237618 40560.093075 0.000000
 1547 21 3 830514.255465 685275.693139 622629.056680 0.000000 575738.537435 489424.168623 689372.916541 562180.778517 880471.547995 920476.808843 0.000000 198225.176857
 1556 21 4 158917.857788 62.304624 134862.134837 1174407.350401 0.000000 106966.384133 290587.178829 94666.276323 210490.884802 350858.516709 163361.388327 11868.218579
 1565 21 5 22585.293802 39684.264518 1623.485982 662118.545357 6567.717417 0.000000 39099.095512 1478.315236 0.000000 171697.185203 84438.825636 297754.777533
 1574 21 6 664230.934993 29856.521065 32332.592155 755705.120175 75836.921249 0.000000 0.000000 48966.395110 643474.607200 150208.185575 523578.677492 499979.225957
 1583 21 7 428807.865841 11906.261113 15384.658312 1748321.212039 80770.304785 0.000000 2176.945369 0.000000 8592.882803 725493.869435 302514.647900 258629.824374
 1592 22 0 0.000000 114683.561511 114985.755193 421302.506993 1098674.165297 65268.765294 75749.039220 105696.154675 806109.835526 63083.207104 755757.059007 256861.744874
 1601 22 1 138504.816516 0.000000 16251.170976 253288.428360 811015.806561 43933.224595 78744.632392 0.000000 707573.091338 0.000000 54038.065390 0.000000
 1610 22 2 277299.607545 7068.954618 0.000000 1038643.969175 1135713.334037 79433.175794 2651044.615640 40563.573273 54475.875711 665022.789180 19057.819581 0.000000
 1619 22 3 802491.059735 82240.337068 588215.141869 0.000000 928645.868710 558910.492614 222183.226567 109452.481414 341764.649330 101118.956213 271981.466811 66007.429507
 1628 22 4 858503.562419 630826.329818 838774.432201 1187236.070855 0.000000 547534.294164 925067.193816 665835.164361 874283.396617 499983.246627 8992.456339 820030.279197
 1637 22 5 73896.306163 131928.597084 142755.343416 533637.650784 1086768.700165 0.000000 0.000000 10223.783311 66895.398701 280724.890827 342337.250432 156227.786398
 1646 22 6 29912.396846 11866.344586 722724.311627 22776.280221 475166.847555 0.000000 0.000000 0.000000 28524.079989 0.000000 1317448.415829 0.000000
 1655 22 7 74597.142590 6349.166243 126592.868319 398745.252025 1403360.471518 195.445733 0.000000 0.000000 6550.631587 49673.524279 105766.072749 647836.636458
 1664 23 0 0.000000 416622.427524 1117399.442605 1325979.379238 1204278.570977 797662.446480 1036038.658841 967884.761031 339458.798645 105776.430537 191254.272778 588038.515429
 1673 23 1 481820.831333 0.000000 836189.508150 410687.017965 142889.193576 1211173.529893 1586.423454 305756.184268 474088.040954 341719.109114 381148.619869 1083923.360385
 1682 23 2 732063.885909 1137000.191475 0.000000 846093.223440 1015920.340654 412995.855397 793691.673966 660825.731519 682178.879470 7832.538371 720980.405391 0.000000
 1691 23 3 1694056.066142 1354122.915118 817995.652503 0.000000 244622.879508 729221.924463 266286.170401 720707.768028 17055.869660 30757.431076 10039.816849 96603.494571
 1700 23 4 993065.403712 52312.461487 1297277.312943 444105.015706 0.000000 1692770.740056 393700.797475 324166.389563 434270.593013 1039396.974459 391709.950905 1006149.849776
 1709 23 5 1356655.089727 1113389.271403 328557.004786 521442.466876 1144310.552285 0.000000 1120420.388744 620452.678866 0.000000 19797.526906 307364.568332 257243.759192
 1718 23 6 693776.002522 47001.055782 845945.325041 378315.618370 97224.023521 1144400.153329 0.000000 305695.264612 1028654.976314 391653.989886 573102.348104 22401.558758
 1727 23 7 493905.572324 377781.903899 547272.251732 726735.337097 791872.171394 169754.680262 233694.613614 0.000000 14038.397613 573216.030715 465923.812317 560590.247091
 1736 24 0 0.000000 72.734500 738294.869945 0.000000 920507.926028 624524.113343 0.000000 52469.949953 18502.690088 449276.130656 412634.056774 463468.448506
 1745 24 1 0.000000 0.000000 312957.879090 0.000000 1099358.592788 230673.754489 0.000000 142982.116180 275099.970233 46215.690571 247612.925153 0.000000
 1754 24 2 793513.867679 0.000000 0.000000 46361.303862 285220.616591 756499.299365 31724.070347 572992.234442 67135.895422 507568.806589 0.000000 245075.458743
 1763 24 3 0.000000 29096.985036 410268.916073 0.000000 304279.390810 273047.812506 23840.391693 62076.406678 48861.191327 16726.504681 0.000000 7493.384699
 1772 24 4 480741.621712 338270.926152 267980.454389 0.000000 0.000000 694241.320596 530123.568013 399563.654494 487226.860208 1116810.774633 265647.594579 39787.081468
 1781 24 5 791560.033039 0.000000 1405092.715468 0.000000 756869.104779 0.000000 27572.963456 763422.751795 4753.416957 68037.539344 45767.120117 648142.078530
 1790 24 6 0.000000 2461.633396 282671.242348 0.000000 1259741.805051 184153.292380 0.000000 26877.212052 607259.261665 20649.379188 208229.014552 2172.949837
 1799 24 7 67690.881111 315642.823544 776706.295052 59172.436763 965968.089052 578843.089206 64263.015945 0.000000 38871.909816 291212.253713 448974.742082 617332.699377
 1808 25 0 0.000000 0.000000 0.000000 0.000000 722825.417595 0.000000 512270.933503 437990.309704 317245.845916 509744.332544 1150358.344511 11219.410935
 1817 25 1 38092.509191 0.000000 0.000000 0.000000 7068.189570 0.000000 142476.477118 539283.854384 0.000000 45826.834661 501111.361173 373055.304760
 1826 25 2 12098.391922 0.000000 0.000000 0.000000 307410.367940 0.000000 665501.768368 166648.775368 184517.811223 186144.471056 0.000000 1604.994232
 1835 25 3 1257.279062 367.496504 0.000000 0.000000 1104009.958884 0.000000 343503.465984 218398.356626 360957.839638 530645.427121 0.000000 670362.859078
 1844 25 4 1038144.179244 0.000000 7431.482398 912109.712816 0.000000 610970.964237 504618.440083 1200914.854774 140316.595144 293902.436263 6009.953605 17393.290642
 1853 25 5 1316.847583 20644.903717 1664.954775 18047.272968 520518.797979 0.000000 239844.018111 78165.229410 18976.309337 422335.879516 161152.965697 20723.516060
 1862 25 6 747077.346813 628205.224445 411929.883076 636898.233939 672968.192552 3225.931137 0.000000 593734.458126 48033.018527 358183.006911 21729.901623 0.000000
 1871 25 7 625106.101368 541853.675929 71087.073326 928914.505873 944788.920959 61785.979679 415981.816884 0.000000 0.000000 3198.933608 744471.715529 7010.145419
 1880 26 0 0.000000 5192.521469 3613.842197 12462.845240 94876.309658 97049.407407 6062.862786 368423.042288 30784.814943 68734.067922 353021.618996 17617.997320
 1889 26 1 5.768322 0.000000 30498.973058 47085.773189 239160.030176 55091.865677 46736.885081 93759.436697 97178.455061 53.178375 40984.033989 1456.147174
 1898 26 2 575.769812 89581.138900 0.000000 9609.989952 314716.513909 0.000000 21913.518383 40585.276125 0.000000 19145.768792 0.000000 97240.106202
 1907 26 3 27905.356017 45656.664812 11466.284593 0.000000 145324.436777 33123.016708 29910.245072 3181.795757 92590.100156 0.000000 847.176974 12160.669734
 1916 26 4 70604.156523 453.638016 87174.841100 46217.183264 0.000000 37883.650250 66207.350766 94639.145258 81057.476649 952666.817289 310501.418331 47663.382635
 1925 26 5 77826.903521 32244.558861 12752.679255 66427.346087 177488.477742 0.000000 33989.651190 100152.031173 41942.134825 6040.061364 321226.937880 181901.776289
 1934 26 6 30820.699395 91891.371141 7426.126823 25626.935366 147731.535880 38401.390781 0.000000 26971.819607 200459.311049 51133.109701 188447.319682 18527.829144
 1943 26 7 3213.930626 20424.252172 14825.093003 4125.567177 173683.530404 24774.195651 5596.087544 0.000000 15290.897913 25343.809405 513153.504383 10880.735813
 1952 27 0 0.000000 460555.779122 35016.271565 744550.964856 697633.221277 145098.314140 28664.646026 320523.984506 510606.250929 108890.182222 671062.183075 11432.879186
 1961 27 1 336648.155174 0.000000 35668.769966 30403.444980 1045200.758298 72657.991502 13893.320959 79816.168740 46326.548839 0.000000 423512.647195 6998.271996
 1970 27 2 341976.285739 12478.560477 0.000000 38451.230486 722318.858926 46752.591813 86311.902163 12287.958583 704598.343433 50537.612428 0.000000 50606.130299
 1979 27 3 381923.904631 63150.539737 44663.585928 0.000000 446932.311214 16817.128853 55401.736168 44936.445694 966633.671091 96559.977919 0.000000 24277.822723
 1988 27 4 563481.341370 79886.835744 556966.786013 164725.660521 0.000000 555590.220862 274187.232714 795326.841438 275192.717487 1665543.380399 450167.118347 11138.239667
 1997 27 5 931809.855319 77821.143649 101030.078141 92110.419080 1187475.480260 0.000000 177591.230897 111980.449464 33425.382796 531892.397285 137363.006808 303448.634924
 2006 27 6 257720.467241 35203.708915 6405.078377 44504.996989 1572161.522142 160555.430601 0.000000 54266.196710 612288.563284 54716.584728 28733.440648 403359.107938
 2015 27 7 447487.958898 26899.730660 70178.680505 57869.209099 650557.775918 88479.614162 82374.234523 0.000000 10346.736115 1012736.832787 575134.982429 0.000000
 2024 28 0 0.000000 22708.963838 816134.170978 99109.230612 721678.581861 1041499.583074 30183.849312 1423915.835134 439957.670866 261168.801347 308.467177 33642.139906
 2033 28 1 58471.296532 0.000000 670112.928286 0.000000 55046.483088 882559.637983 0.000000 596.533903 953224.008710 0.000000 63620.548491 13461.897590
 2042 28 2 668457.413939 1000710.109858 0.000000 909377.319961 840315.304819 928492.443899 536504.973516 1573748.286911 340575.506551 15894.981309 6101.916427 0.000000
 2051 28 3 134660.619448 19684.797683 607197.037111 0.000000 34297.149146 1220779.628317 1685.433730 23410.679733 583493.393248 909443.473154 48547.068605 56218.293458
 2060 28 4 717748.750675 26051.024877 1463814.056499 18547.404495 0.000000 21713.759184 57113.118385 86643.050099 122046.260715 367919.227487 622711.695205 290557.448738
 2069 28 5 609756.001792 824892.264069 877908.168448 1237607.151572 98688.831894 0.000000 263152.375086 1440367.469384 0.000000 0.000000 89155.641206 32919.860836
 2078 28 6 163974.820831 4143.814224 1046577.812358 52619.856042 35200.757623 491554.747618 0.000000 3184.055642 19746.897169 34286.467975 387439.811740 99721.467715
 2087 28 7 313476.719675 0.000000 587752.436331 38519.757129 54579.066996 863182.866120 4392.985058 0.000000 17970.016649 326581.020518 1782102.212921 0.000000
 2096 29 0 0.000000 0.000000 683871.772101 455303.643023 7410.459035 501148.632690 42648.549919 1123257.693829 775850.218905 9561.228430 268055.427966 1689559.619043
 2105 29 1 648.821874 0.000000 68484.119282 795036.218527 15277.256306 653128.995921 0.000000 320610.253431 2154.295910 408366.422237 67193.635418 0.000000
 2114 29 2 23251.100145 7649.515639 0.000000 682832.119290 37780.357342 957305.083149 79135.100922 314699.118396 874587.899985 61655.572870 69846.181167 90783.115699
 2123 29 3 1350349.738926 618661.899684 892991.771343 0.000000 38243.264480 1104869.911143 854581.631436 506707.446540 209855.236156 182872.210965 47505.936300 355958.225566
 2132 29 4 46626.672542 0.000000 329613.089970 235449.188042 0.000000 926575.676856 286874.739598 326665.361467 97562.340268 170181.513793 7093.576761 142094.710315
 2141 29 5 714022.557126 27655.101908 331662.599159 291382.533876 247482.844301 0.000000 455616.824421 349598.044851 783032.230934 0.000000 574741.129379 10167.920026
 2150 29 6 1926.161495 0.000000 14611.098862 396219.333578 136014.812771 888244.583557 0.000000 729532.803884 698194.422426 1051854.344955 254823.867177 490756.238878
 2159 29 7 1114327.996847 72062.187625 146767.433425 395398.199508 141775.500739 693611.395063 943055.824707 0.000000 0.000000 0.000000 657421.106378 358482.371006
 2168 30 0 0.000000 595094.154071 214548.404787 930570.140053 23405.294137 637400.046872 204670.286012 640094.450519 371064.058097 44895.125923 245971.584702 1458.182776
 2177 30 1 452072.539096 0.000000 27701.280054 179085.811262 60777.665871 203839.500347 61870.576667 711523.847453 618604.953854 0.000000 448141.044251 0.000000
 2186 30 2 218627.224238 64919.743439 0.000000 713782.959067 0.000000 46646.937311 51082.224477 699291.882769 798167.555653 140211.208977 23101.983738 11835.345831
 2195 30 3 755287.845542 138205.311033 1025757.058606 0.000000 604321.122838 918421.898679 155835.412231 689681.599827 116822.061826 569374.356709 2067.757230 844813.827262
 2204 30 4 208187.068677 30090.107805 3240.963959 413335.516856 0.000000 313966.793920 9862.951350 409206.012668 15608.919389 194373.475110 197229.589257 100141.023443
 2213 30 5 344744.804923 45272.057180 7694.543857 647662.574910 12785.483816 0.000000 29921.793093 766496.808055 50038.623458 342165.925122 419919.605951 658016.427915
 2222 30 6 15944.037576 47229.384180 26179.363111 13587.773256 0.000000 138130.222016 0.000000 26284.351825 0.000000 0.000000 0.000000 202994.745906
 2231 30 7 460016.527386 544815.791410 620447.294693 405446.925621 97461.074589 479709.662671 76251.097184 0.000000 97451.770122 45553.329095 147201.770576 29205.929306
 2240 31 0 0.000000 671884.643388 307787.229168 24594.380844 37359.359373 21620.608934 47053.275559 51169.020915 564561.107866 435341.946022 2656.574285 420992.744458
 2249 31 1 645452.801528 0.000000 675446.217145 258807.703410 679602.412630 367221.030804 323345.783415 261240.529330 95291.684245 48546.531779 400766.768425 7695.098366
 2258 31 2 608657.941035 517901.332316 0.000000 108563.000206 380884.503657 130746.633037 63233.199840 410764.219438 613761.967971 1113.450697 248193.733219 3036.653060
 2267 31 3 103945.146308 263687.081157 305239.324994 0.000000 85978.794199 30975.838684 202909.081403 103730.352578 231357.812231 52149.903866 46557.928730 92106.546036
 2276 31 4 11278.107310 295997.508344 582352.630365 0.000000 0.000000 289.010791 134015.323131 2432.191001 413129.503443 1449096.798791 92738.026723 8141.014965
 2285 31 5 575063.664533 584417.821420 285299.027561 13363.138083 397623.244115 0.000000 37141.771394 10421.313831 19084.472104 0.000000 507927.551479 12003.773393
 2294 31 6 56832.457266 570461.215233 212835.319697 85549.023482 429087.162813 20856.299573 0.000000 94276.837996 135280.743176 47598.845367 474329.350411 148172.507554
 2303 31 7 88089.205724 310749.253688 36206.926480 15283.545259 1098645.020954 0.000000 45726.795301 0.000000 106465.623501 567202.584794 27973.666401 18887.449281
 2312 32 0 0.000000 604778.158050 132896.288292 449750.558719 479912.891424 991703.763738 729365.038917 837436.286078 516472.394382 161676.069305 308878.958345 512453.409351
 2321 32 1 559401.668375 0.000000 1331768.536673 1037900.594734 722205.259594 687639.656836 9448.698955 1325142.170023 529352.436295 625345.708254 33798.580452 264951.299337
 2330 32 2 137844.016593 1280380.263073 0.000000 671827.433919 918983.089907 282165.994322 672148.114414 506263.917109 0.000000 2932.348988 0.000000 20633.234626
 2339 32 3 225231.530864 808969.520519 359275.457516 0.000000 424492.085660 253770.740498 630365.454494 1216317.632101 687674.550173 465431.935339 287814.275754 14217.687432
 2348 32 4 706095.225257 706065.474777 490207.055081 1238138.048359 0.000000 209765.928889 554490.212847 1142493.025674 0.000000 448211.980088 189215.045862 116709.707142
 2357 32 5 509141.269198 390541.852713 213519.671134 560998.432682 347550.478829 0.000000 73061.205813 1523677.098398 8213.743881 569779.365842 53881.399138 6947.367475
 2366 32 6 308139.470345 265416.164205 817921.270697 1108853.773066 683015.646581 129575.322494 0.000000 38588.167981 448131.154308 387125.908255 789462.097288 43682.348774
 2375 32 7 57196.595847 672870.509124 192295.777348 396458.871829 794943.530013 879704.577122 92733.812765 0.000000 0.000000 1601643.211199 952709.079487 229475.765072