# Format <LP ID> <Group ID> <Router ID> <Link traffic per router port(s)># Router ports in the order: 8 local channels, 4 global channels 

 8 0 0 0 11376544 1540956 4177680 1791580 9621396 1364596 5689344 3379020 1973524 6252228 1952524
 17 0 1 9682056 0 1337948 2461664 8310752 1983544 846276 1227780 13023108 2881020 8149412 3423392
 26 0 2 4652488 1439380 0 1409672 3418436 1619016 1881604 2320664 2874892 2554688 1040240 2852368
 35 0 3 2755888 719808 1122756 0 2251088 767360 508240 536964 1854572 2158868 4322600 8746400
 44 0 4 6253968 8600384 3038656 6777428 0 6739748 4379232 9032780 3433028 3069172 3134828 5806388
 53 0 5 10939940 1378128 2159452 1469316 11386040 0 1750484 1773060 6805316 2926428 7867916 4200520
 62 0 6 2953572 682972 1127316 519672 3601784 607576 0 318272 2430360 1453588 4406388 2029264
 71 0 7 2663924 1850840 2283288 922500 6819612 1807960 283664 0 3460484 5265324 3665048 8722796
 80 1 0 0 16796480 22234472 3844644 16923540 7873364 18731432 11756660 14133064 9272152 17373224 5892096
 89 1 1 12038096 0 10837908 7041272 16504736 10216072 12933308 14003588 6963772 5651380 4399560 12204116
 98 1 2 18351672 11759128 0 2198480 5775756 8939608 5254508 11582136 6720800 9610932 4644208 13086844
 107 1 3 21150324 5166276 10583456 0 2624652 2366128 8027768 13851920 3520388 2580912 6531064 7338640
 116 1 4 21502804 12893104 5689688 2702232 0 1517752 8890072 9537604 17251200 10486800 20202608 18849464
 125 1 5 6132856 13948120 8508832 1858248 1421584 0 6242668 3863896 10104952 12750072 4972880 9688804
 134 1 6 13332384 12341000 4834900 3083996 11084632 4199760 0 9410836 7335240 5846888 14878652 6637612
 143 1 7 8660816 16216160 7247440 5634864 12691264 3869604 8991800 0 7022972 13007876 6492480 12067660
 152 2 0 0 6963980 7661040 1051060 1610280 1661248 2018396 6633176 3243480 5168312 10462388 5160540
 161 2 1 4883260 0 18486008 9901224 8631644 14474428 8129692 16703564 5565728 2930528 3613916 8570872
 170 2 2 10212852 22265648 0 3534172 10449324 2470956 1163412 5781380 11938416 4962564 2280924 14147392
 179 2 3 1015608 5760060 5611860 0 1422304 1123764 551544 6130692 4108620 4048140 5430868 12296080
 188 2 4 1391944 10136632 6651236 1329964 0 2100260 2401340 3031620 4395352 3713004 9463420 12802484
 197 2 5 1897412 10485340 3531856 1215376 1725376 0 1799668 3252588 4496444 11726836 4591440 4296072
 206 2 6 1710200 5506312 2721100 591352 2937256 1842564 0 1597784 4374096 3342304 5230888 3771948
 215 2 7 4524156 14118188 4711760 7895428 6564156 2961436 2656628 0 2822436 4670636 3868036 3886676
 224 3 0 0 1924052 2071028 1396072 1356616 7725340 1795724 1780172 1742412 2413736 6101820 1722232
 233 3 1 957588 0 1340852 911160 1248136 9075524 1221372 2160764 4386688 1599628 4557376 4009596
 242 3 2 1751608 1334328 0 823452 2602904 4378428 993056 1355368 4304188 3027820 1952940 5332592
 251 3 3 1331968 1789292 1963656 0 2005296 6719468 676968 1410100 2544104 1390736 527264 329496
 260 3 4 1172736 3141140 2657556 633404 0 14374636 2473388 1347028 3285908 3744280 7079736 12423716
 269 3 5 6046868 7182396 3867496 2359960 16045696 0 1283952 5489280 5448884 3642048 2583284 3336164
 278 3 6 1560644 926624 1594748 716312 2194704 1328040 0 581688 1551404 734664 2917572 1451048
 287 3 7 1058152 1194848 1574428 442000 1027240 2487972 451088 0 2873392 4555692 3177788 3287992
 296 4 0 0 8735168 1825304 1240000 1076592 4031236 7825848 4801256 3294828 8178316 6078396 3049292
 305 4 1 7645192 0 3237808 5916356 6604340 9948008 4963472 7379076 11820844 5874680 6014164 6193788
 314 4 2 1839532 3941348 0 837308 670416 2592148 4060944 3917240 3936952 7820408 2221664 6267348
 323 4 3 1207208 3343316 1583464 0 373188 6435236 3216656 2554552 4397288 4256000 5624600 9300620
 332 4 4 1636240 4963004 2114584 1348232 0 5623404 11917192 1284012 14290944 7610772 6159188 8366604
 341 4 5 5319360 11251080 3184724 6328060 8067552 0 8121148 9479840 4445836 5976508 3690988 7793724
 350 4 6 2072972 6217080 2764788 2787432 16619328 11374568 0 8212060 9219136 2913648 10607412 3616168
 359 4 7 2783508 6167448 7485088 4663096 3543696 5866320 10766908 0 3369820 4879288 5377596 3830688
 368 5 0 0 7595604 13819444 12626664 14952588 3035504 9537152 15045464 7665472 5003588 12457552 4873044
 377 5 1 11539708 0 3177744 2374572 1801016 1144964 3999608 2169372 9772492 2430876 3147796 3492464
 386 5 2 18992564 1154648 0 1482720 13420588 1700928 3042752 3255192 4372020 5192620 3246916 12714176
 395 5 3 9756388 1870540 3900964 0 2783664 1026444 7144036 787048 4020420 4548644 12603336 5566588
 404 5 4 8843904 2267528 4365028 1253832 0 675360 5822788 1054148 9879612 10821424 10799784 9869452
 413 5 5 6650656 1013396 7831624 1598020 1250080 0 5116024 1355552 3023960 892624 2846964 784660
 422 5 6 15658960 4101920 6264632 5775224 6148916 1682596 0 4813392 3334760 2750340 6024720 2971832
 431 5 7 11649712 1450516 3436300 1014152 979360 571360 2915264 0 6078276 9348952 3933764 8436140
 440 6 0 0 519148 1252040 2811228 1135996 6221000 695908 1390120 2453616 3967680 11299548 2475980
 449 6 1 784184 0 1112200 4305232 3168272 11671844 777860 1584132 5440748 7672128 6895568 3124000
 458 6 2 1708436 860540 0 2882184 2765060 7279112 976936 1883736 3122784 3742608 2132244 7055756
 467 6 3 9707456 4331828 2715232 0 3783372 4759880 6328872 4237928 2029340 2265460 3370164 3281772
 476 6 4 1758844 1630708 2705116 8418452 0 5275420 1619988 1897016 3432336 3830276 3252504 3219888
 485 6 5 3525564 12621648 4951848 3154996 1482920 0 2480936 3407732 7812412 4554816 3501484 7584452
 494 6 6 1892176 1060212 2172872 12687124 2307432 3236296 0 859604 4767660 1436032 1594536 3385336
 503 6 7 853080 2184084 2136652 2610936 1886184 3290788 641512 0 2682940 4408512 4293976 3868656
 512 7 0 0 2606404 5033028 1593568 5065072 9738136 3728756 4087408 2179128 1620740 10576816 2297664
 521 7 1 6301836 0 10823020 2261468 5774144 2781124 2194504 6642296 6045584 2721136 1651936 3039728
 530 7 2 6014372 10304268 0 1019704 1919852 965224 956836 319924 3252008 6701616 5763736 8083180
 539 7 3 7065808 3906868 1684684 0 2392448 1517392 748184 898344 765588 974368 2576020 3131368
 548 7 4 7300472 6656444 2163708 1847912 0 1978440 2157656 886232 3805492 3939444 5833340 6552548
 557 7 5 8295920 3123828 971620 894264 1379156 0 1056696 1491932 3845376 6389452 3500844 6381680
 566 7 6 2744272 3352992 1308616 492864 2118464 687200 0 490716 2564088 1637740 4499048 2176176
 575 7 7 1274612 3605728 1555168 981648 1575500 2084492 414688 0 4626348 2608192 5668100 2090560
 584 8 0 0 2442484 7151792 1886912 8078640 13216720 2389756 1953672 959492 2747308 5333432 894972
 593 8 1 3759632 0 5156884 4156668 4415812 13636608 2104968 2522612 12079120 2508128 2830192 6467652
 602 8 2 5356244 4729232 0 706260 2501396 726628 1712944 2519376 8228352 6389252 1551296 3533148
 611 8 3 3180528 3605880 833292 0 734892 318224 578624 1038548 1701160 2356996 3999708 3612940
 620 8 4 6378604 5481348 2476868 1817420 0 1612940 2392844 1916692 8610616 4381264 3992824 5034224
 629 8 5 11667896 10255372 1558068 874240 1336532 0 1500612 2602168 3772252 18271468 8178984 3115652
 638 8 6 3148844 3104148 1413228 840928 3045064 941364 0 1330104 2232612 1145428 4015272 1832088
 647 8 7 2416360 7602056 1906396 1555820 1624900 2001756 1116136 0 1843076 3223960 1525236 3157556
 656 9 0 0 7341096 1501140 856784 606584 9224340 1082620 1779960 2862876 2419320 10956628 2413052
 665 9 1 3832992 0 2983608 3977748 9719852 11035448 9772736 4976864 2898036 3675504 1225760 2182432
 674 9 2 1084732 1753780 0 1387240 2247988 3441436 1139072 1264636 3696940 3063228 1592592 4798812
 683 9 3 1334832 8350384 2447028 0 1811824 3558240 643760 1461404 1386260 1908164 3982468 4221888
 692 9 4 863528 6631896 2947704 1923600 0 9217584 1821984 1524572 4081596 8042740 9397152 10037896
 701 9 5 9800772 6379780 1666436 2672640 12661600 0 5359828 4154496 4799652 12585184 3378984 3958872
 710 9 6 1095104 5596984 1910480 644576 2264716 3361312 0 348132 9230296 2590780 5406304 3422168
 719 9 7 577552 6131704 1515504 1586880 1323880 8786064 340072 0 3338384 3380812 5598056 2788340
 728 10 0 0 1447396 3904684 1363188 1326232 6828976 1526596 7639192 3403956 5440588 11282232 3483212
 737 10 1 1761056 0 6526740 2836208 2110172 2542560 1094864 8930532 10564388 3415988 4342120 6381236
 746 10 2 7736032 8259580 0 1285272 2904984 7076824 10587776 11681708 7403116 9509592 2510660 2412996
 755 10 3 1423452 874920 2196524 0 1050188 6112612 516296 5680112 2779620 3154708 4834896 11964620
 764 10 4 1292152 1645632 3270340 1738748 0 9598264 1996352 6503124 3449924 2775268 3412248 3272604
 773 10 5 5648004 5860236 14107336 7793664 2324476 0 3788552 7376380 7818088 3462800 3340200 6129336
 782 10 6 1427668 656700 12169468 450456 2399836 5268404 0 2688856 2950284 1933148 10951436 4388312
 791 10 7 6069220 4927868 11458188 7383920 3005296 10594528 1554684 0 4519572 4557968 3382940 14830524
 800 11 0 0 4313704 1716284 1428504 1135164 1938884 1672780 1638572 1696416 2883212 3067400 1715340
 809 11 1 1574824 0 4940096 7250276 2640136 13950076 1997024 2449768 10171524 2457424 2080728 2594136
 818 11 2 1631248 9055760 0 858060 2497136 1777296 870472 1749336 3756512 3007580 1262508 7450364
 827 11 3 1453236 3135576 1741488 0 1908620 1341216 869992 1452924 5786644 2935228 1188960 845848
 836 11 4 1156556 8141492 2096204 945200 0 2113532 2482824 1700868 2444764 4256380 2776112 3370856
 845 11 5 1253912 11113960 1227440 1410748 1373332 0 1471884 1279712 3784572 14288516 2822240 2672192
 854 11 6 1283336 2690676 1449716 904288 2227632 1027020 0 944160 2138968 1084300 3101960 1804588
 863 11 7 1012448 3643940 1828300 778168 1412864 1337720 826264 0 1785564 2791792 2445460 2222980
 872 12 0 0 1477828 12363432 3861484 875792 1632904 2800444 1765496 4702668 4468840 8751440 4089224
 881 12 1 1474856 0 10479996 9020332 871688 1630244 2452120 2325324 7032724 5506920 2340500 4424616
 890 12 2 10487760 7191896 0 16960060 12499628 12470364 2852272 7932288 3891500 4833300 5250248 5067608
 899 12 3 4362224 6371192 15861872 0 6998716 3787860 2255080 4460248 3066620 5611060 7411108 6511928
 908 12 4 2094008 1564264 7901092 3150528 0 1927020 2697708 1226588 8153408 4970708 7002644 3714056
 917 12 5 2091024 1034772 12582908 3579876 1119792 0 2097792 1852920 8874304 7939508 4316320 4063296
 926 12 6 2065128 2092612 8594776 4801072 1644788 1622496 0 1692536 3779744 1439888 4040048 1400584
 935 12 7 1248664 1592268 6665956 4092552 761104 1247448 2058784 0 3777228 6421672 4310248 4044740
 944 13 0 0 3690604 11777428 7912488 986880 6767544 1017796 1665008 4487712 15711616 8364500 6175256
 953 13 1 4757032 0 11958180 9057256 4432192 6834836 1530448 2144604 14127016 9082112 3222136 8501812
 962 13 2 8864556 9960880 0 10272084 7722100 9131272 2540200 6261264 9674376 3923916 3305548 10191264
 971 13 3 9007928 10432720 10647564 0 4281236 11198248 1002872 8485716 3456576 10556964 12527028 6323012
 980 13 4 772736 4397248 5283904 7229552 0 2231652 1791356 1190276 6322524 5730232 4923572 6739372
 989 13 5 8179732 2571568 8985472 8689136 3245904 0 4241872 3026812 2423484 10722068 2327020 2224440
 998 13 6 1418584 5685340 3343360 3238924 2258052 3583780 0 982064 2216036 1595128 4606160 1887852
 1007 13 7 1683644 3181280 3687448 9271684 1298504 1887556 904284 0 5486700 9794904 2809984 3347644
 1016 14 0 0 948388 1545088 836304 1096452 2318840 1253500 1581800 1610844 1726044 4357744 1509284
 1025 14 1 1128520 0 865128 2178948 3069128 2122808 844652 1537512 3571944 1092600 1288092 1887260
 1034 14 2 2003504 648732 0 557124 2449580 1627260 866820 2040224 2890652 3156140 1120260 3721796
 1043 14 3 1319104 1009268 518780 0 1231204 1021884 828316 780004 1063276 1406764 2946128 2548872
 1052 14 4 1143840 1147332 1748672 848456 0 1318220 2195752 1046008 2878912 3352384 3230084 3502412
 1061 14 5 1748772 1543356 1093924 1444220 1157944 0 1810996 1522284 2594252 3464172 2081604 2897708
 1070 14 6 2604736 1137296 2202328 1437992 3103240 2572028 0 885228 705852 2545240 1089932 461284
 1079 14 7 1163700 2055088 2047312 1100652 1313000 1509480 951488 0 1549800 2858844 2452000 2891576
 1088 15 0 0 4891116 464204 712692 850372 5354184 330388 3317404 4675720 4318700 11830104 4416912
 1097 15 1 8646156 0 2916408 2577876 4112036 12800084 4703688 6967320 10586340 2647096 8819500 11815652
 1106 15 2 1317296 3781452 0 1076556 2373696 10774768 871844 6314400 4850848 5286100 3618424 16311852
 1115 15 3 1201108 2552052 1785516 0 2582724 9218688 739704 5403356 2474652 2609268 5303568 5113084
 1124 15 4 1474888 6882856 2562900 2231844 0 6111480 2461676 6747636 4426904 3224236 4550340 5417612
 1133 15 5 5806052 17541680 12555436 4579544 2316588 0 6034072 12202252 5903500 5963712 5456736 3796236
 1142 15 6 774616 2128588 1250716 581352 2314608 4655016 0 4137812 4987056 4065584 6878416 4600208
 1151 15 7 5742464 9479880 8419696 5475068 5272908 4684904 5123236 0 2635056 4650484 5668292 2545040
 1160 16 0 0 3686840 8044200 19707640 9609964 6222064 2301400 1201368 3577272 4078036 9866236 2116920
 1169 16 1 10966444 0 2131436 13394536 7838072 4193996 762928 2154012 12062508 14116256 5780080 5734656
 1178 16 2 5071964 1898196 0 17679924 14670236 4676756 9691232 2125180 10138996 10302032 14171552 20604652
 1187 16 3 10579524 18515812 17920148 0 18248268 17850692 15255448 2750092 9353776 5902628 16343848 11457812
 1196 16 4 5826524 5415708 21356304 12102552 0 9928212 6120272 2650536 12466044 12415300 12335908 8410844
 1205 16 5 5677080 4309108 8363932 23571560 13058068 0 4012900 2406332 9978244 7869000 5984448 11288180
 1214 16 6 3988888 558256 7338428 13640916 4240812 2980228 0 982264 7187004 3275856 13622844 14784396
 1223 16 7 4716776 2339088 5005844 22805104 7124712 6447420 973812 0 1947644 3565044 1741668 2876720
 1232 17 0 0 1560656 1626500 1126472 11499308 2673088 1621508 5404424 5601320 2191692 4368212 5308704
 1241 17 1 1842304 0 1249960 3060212 11163312 2032096 1369024 4767608 1840316 1677248 3596592 7446808
 1250 17 2 946304 799612 0 715920 4144376 1380984 1055704 3852264 5704180 4457488 3194488 6016212
 1259 17 3 1248872 899552 1775292 0 7610728 1227664 931848 4813088 3856640 3475328 5702796 3483432
 1268 17 4 10718328 7720800 6831156 2755488 0 6160912 5125820 12106744 6098224 4479220 9698740 5460612
 1277 17 5 1900364 1912868 1219700 875400 2973748 0 1349072 3288692 5496928 4795380 4270500 5029120
 1286 17 6 1465192 1058612 1651508 1091368 7066768 1622880 0 5481208 4158564 1343540 6236912 2407092
 1295 17 7 830644 3189896 4565504 8709040 11637796 4254700 4799692 0 3725836 5859784 3372884 4392744
 1304 18 0 0 2450812 1596304 1876376 1646216 2296996 2394308 8053628 1879704 2039672 4807516 2064792
 1313 18 1 1629096 0 773708 3037388 2547824 1177508 1228328 4004072 4598268 1467444 1954196 2046052
 1322 18 2 2913772 1258052 0 1211076 2795356 1201804 923664 3323316 1601376 1453200 3613244 1344168
 1331 18 3 1280600 1227792 197440 0 1014592 674420 474304 2474492 2469012 2238324 4533928 3834592
 1340 18 4 909780 1883468 562040 1578252 0 1979212 1782632 4777208 3369676 5333364 2812636 3320052
 1349 18 5 1880548 1230632 1208228 885016 1407300 0 1237252 9485236 3796824 2691116 6531428 7927988
 1358 18 6 1845072 615960 494980 425624 2201416 1219148 0 4482804 2692652 1119888 6177256 1789400
 1367 18 7 2279772 2359532 3547544 4241996 4414844 11463072 4409992 0 7742188 4101944 2247236 3196372
 1376 19 0 0 10050536 2277488 1199112 1238976 6600696 1633964 8704996 2020500 2563348 7458452 1719060
 1385 19 1 3105392 0 1862740 16181884 8718688 16217964 968112 16944836 20108312 4708048 6167148 17409984
 1394 19 2 2110204 11197668 0 879932 2835844 9287700 921876 3381576 3250132 2436492 1188572 6591556
 1403 19 3 963896 12612184 1297072 0 1098132 2693884 321440 1316516 2278464 2385048 11713228 10361656
 1412 19 4 1680056 14489912 3131944 294520 0 9891736 2148204 6611104 4026744 9516604 15561508 4274320
 1421 19 5 2933360 14112528 3453748 8268976 7354004 0 5389556 22637004 15081816 8921788 6358344 4046980
 1430 19 6 1166728 4795112 1754936 257248 1803608 3393716 0 1625988 3111560 2224824 4438268 2762840
 1439 19 7 3287356 18643280 1662396 322480 9813012 17789328 1750284 0 5164664 9854896 7877112 7759460
 1448 20 0 0 4229032 3687640 926348 1413092 7914284 1758492 3309348 5914936 5536228 11958856 5066460
 1457 20 1 5952552 0 20477340 14398496 1274976 12524000 2182368 20450740 20122924 7141888 8410112 4795624
 1466 20 2 3914672 16135836 0 4448884 2023492 7376160 2688272 12888408 8238296 7083524 2651616 8840884
 1475 20 3 1147868 11251824 5534884 0 826856 5285880 1143536 5228760 6916712 3979376 19672916 5083544
 1484 20 4 2462332 3175000 3181412 1942400 0 7188532 2590040 4980376 4684592 2776312 3339360 1870496
 1493 20 5 9677776 18483100 3906716 6634052 3045772 0 1708896 12521244 7738104 5257800 4228604 4804632
 1502 20 6 1513136 5002520 8666268 1115872 1544668 2221696 0 4241648 1964636 511832 4684104 1922588
 1511 20 7 3807020 16823040 10673880 6579344 5385788 9240720 975260 0 8971532 8271420 9278144 4938824
 1520 21 0 0 1155544 1685016 1827628 11065628 8144244 1085128 1949056 8591040 5570040 6992716 2545116
 1529 21 1 1778328 0 366172 3110088 4354688 3613632 1025632 1531828 5082316 2778016 2581048 3290652
 1538 21 2 2146824 629848 0 1416664 6369960 7568228 738688 1964696 4367068 4077296 7396752 7718428
 1547 21 3 2488296 1954660 1696836 0 5711996 4744508 1479328 1973448 1290860 1689124 3328200 2794128
 1556 21 4 9666220 6053940 8403928 3011416 0 10261944 3488428 5356644 3615396 3794504 5191644 4445144
 1565 21 5 6824988 1446180 8808812 1617116 5675552 0 6674932 9242580 10819300 2091236 3009076 3063476
 1574 21 6 1425680 443720 734908 1198192 4715696 6529884 0 390520 2716060 2098528 7118944 2442120
 1583 21 7 1764720 1322908 1232200 2098824 11092092 7137728 252488 0 2229864 5786620 3931920 9985700
 1592 22 0 0 11256144 6296988 9087444 9987680 12173776 8115392 5883064 3419028 3987020 11537864 6164140
 1601 22 1 7909388 0 6669576 12545980 7867852 6186644 10568000 5350832 11207380 4470084 7625884 9072400
 1610 22 2 3997212 6750520 0 8323400 12475768 1532088 770828 2209156 4612620 8692152 5512668 9693768
 1619 22 3 5358912 14041796 8925720 0 5061124 4260820 3880528 5480616 2533352 3264516 4957988 4559572
 1628 22 4 15388528 10251428 3854168 4350740 0 3091848 2345212 4342740 15211272 4687696 5132748 8591744
 1637 22 5 7756492 6293404 883616 6705888 5197372 0 1030528 1255208 8403748 5562996 6749640 9261064
 1646 22 6 6653452 3759644 1259684 2583096 2942628 1133996 0 135688 6440696 3316432 13795932 3279292
 1655 22 7 11540944 5227252 2139388 3898356 5043060 1237588 63040 0 4963408 6158168 5488896 8512136
 1664 23 0 0 1534996 1665848 1309464 3267592 2601188 2527324 1413088 2076692 1500148 5125804 1503640
 1673 23 1 2039424 0 1169540 2472016 4570256 2149336 4915768 1048240 6148432 12898744 3322028 6376644
 1682 23 2 2152328 1554224 0 836280 7062924 1356048 8693768 1021716 4316280 2978912 2290344 6900520
 1691 23 3 2010112 1626900 1978932 0 6348196 1502760 6710980 1370972 2044044 2252768 7054264 6197376
 1700 23 4 2024892 10194360 4428680 5953452 0 2725600 12347348 4882936 8352572 4191492 6557092 4705300
 1709 23 5 2699808 1971764 1576272 1579644 3351316 0 5025728 2156720 2922596 2692416 2326480 3688108
 1718 23 6 2351912 10138748 5460052 6085404 10957708 2332212 0 4489252 3101968 2350156 9284168 3130404
 1727 23 7 1810500 2040652 2497840 1595288 5633688 2637424 5130796 0 3411672 4265428 3945584 1311124
 1736 24 0 0 806652 623240 1115880 8841996 1280572 2900180 1180480 1559312 1675676 2235688 11723308
 1745 24 1 242956 0 982656 2336036 6682832 1721412 2485552 1717984 6501652 2953508 7272364 3311908
 1754 24 2 725492 1114852 0 1108884 12609184 1649812 12491476 2251364 4755612 3047652 1598248 14729800
 1763 24 3 111784 511732 957252 0 1222188 579456 2525956 542092 3238596 3421844 5553512 4951844
 1772 24 4 6192816 8049260 14864060 5889332 0 3611664 5637336 2581304 3123012 3101624 3773148 4964136
 1781 24 5 1503236 1657696 2399084 1206064 4517076 0 10060952 2333696 2966208 4802744 2479336 5320080
 1790 24 6 7554756 4495056 4391332 4217808 5163476 6041316 0 3958580 2147408 1797076 7259528 2263292
 1799 24 7 687148 1990080 2032724 1045656 6990992 2212660 1796564 0 2268032 4145212 2509316 4016980
 1808 25 0 0 680004 1197792 3226480 987132 8780924 1656372 1892880 4680364 8539864 9710792 3969588
 1817 25 1 1404464 0 682308 8576076 2245308 11136572 1347564 1700280 9887372 2614692 13364260 8051756
 1826 25 2 582032 178468 0 3558448 2003644 10737868 1401772 1127748 10539632 9697488 4003348 7398744
 1835 25 3 6776296 14225076 5412208 0 2202988 24746948 1185504 3990420 5212704 2055700 10292800 9072344
 1844 25 4 1321324 653840 2623336 6155536 0 6290692 2602568 2120240 3540196 3225348 3335252 3571932
 1853 25 5 13692512 15860436 16582832 19966908 2318508 0 4420584 5152092 5194352 5597772 3884316 5229032
 1862 25 6 1683376 1208128 2056168 3345896 2841928 7272720 0 1185584 2606408 1311132 5361276 1894108
 1871 25 7 925724 1064184 2199864 9239568 2479556 8379236 1343740 0 2592344 7075760 2593432 2897676
 1880 26 0 0 4428148 21573180 13363008 3107736 5007032 10871428 10379092 4924580 4814800 14321232 19127616
 1889 26 1 3279320 0 4659344 8041616 1922984 1207956 6483620 4712204 7271644 2688864 3436276 3474428
 1898 26 2 24532392 2563184 0 7762152 4972040 11548040 11365012 16659960 19728384 4420580 4953136 5985488
 1907 26 3 10456324 2854644 14356032 0 1754044 4128736 6058020 14732604 3427036 9476216 13842824 10708652
 1916 26 4 2519696 1317032 7277100 5958720 0 2022144 6693468 1750700 4694292 3164016 4465876 5593568
 1925 26 5 9952080 1200904 8804384 7503812 1162740 0 3261428 4736712 9660224 8271188 7005496 5966060
 1934 26 6 6176148 1238440 14560504 4204420 4273276 5253492 0 18324836 7344932 4666548 12182112 5180872
 1943 26 7 13288492 2277952 19829864 14031020 1221660 1629972 13336684 0 6676968 13292288 10889348 11622164
 1952 27 0 0 7043672 1586472 1220016 10018092 2100180 1184124 6593376 2547672 2261696 4672624 1540624
 1961 27 1 2246984 0 3068140 7356920 12192000 4558264 3899328 9849776 22705756 9291976 3884816 7081444
 1970 27 2 1756840 3650784 0 343912 27298560 1817312 559868 2483324 10670136 9267104 2757508 11554888
 1979 27 3 554856 4928888 749624 0 4931652 764320 445512 5618928 3359676 3313324 12987492 10118736
 1988 27 4 2340300 24140972 18559564 14980792 0 3203320 3115716 14255332 9416948 3722876 4605568 6421364
 1997 27 5 1488776 5210580 1278840 1432720 5634148 0 893220 7081088 3560548 5392240 3107732 6266260
 2006 27 6 985552 3005560 998756 300880 5168024 697812 0 2401784 3133096 2237256 4371148 2953292
 2015 27 7 2625912 14029292 7114736 5251120 8082380 5887024 2855196 0 6746052 4545556 5769140 4272292
 2024 28 0 0 5325076 5776388 4803192 1287588 2477440 4600356 1806168 8765300 4169472 7438988 3546652
 2033 28 1 4916908 0 13861820 16314624 2809316 2991316 11636892 9045812 23526152 7331548 4294656 4947560
 2042 28 2 5651308 17001320 0 17402208 2972132 2614864 5790216 4995884 8020688 4095232 2151996 6858128
 2051 28 3 5332568 14208348 12981888 0 7447472 1486976 11667084 6358140 11484280 4442436 6055284 10540724
 2060 28 4 2009404 2652408 2630156 7074300 0 2216232 3621840 674124 6783948 3757916 3378748 9818176
 2069 28 5 3677216 7962552 6034404 5028424 1837984 0 3891512 2285976 3252368 3219764 2072116 1717952
 2078 28 6 3299596 10915436 4465188 9057764 7644580 1014224 0 4322100 5547612 4132696 9348836 9723044
 2087 28 7 894568 5690184 6807948 5849824 286656 1619400 3752564 0 6780112 6688024 6202184 9533292
 2096 29 0 0 640828 2900316 1095940 12478752 1227984 3304792 1989856 8760884 4395248 16412788 8556456
 2105 29 1 1083168 0 6095392 3136720 4346244 1076740 4900164 2010628 11528252 4511548 4808936 5260352
 2114 29 2 5255752 8832668 0 981148 16427332 1137628 13334004 5883132 3967636 6432940 4319628 6102424
 2123 29 3 2073892 1530440 1942596 0 7746308 1070572 2435420 1466100 2424568 2414568 4224784 7639300
 2132 29 4 19840388 6369644 11230756 6066532 0 1243624 3977540 1269228 7963700 4890688 5351600 5508616
 2141 29 5 2668288 1283108 2526980 2041272 2391692 0 9649348 1486184 870352 417632 1340884 2987764
 2150 29 6 5020544 4423692 12228576 3514300 7856116 3508172 0 5282484 5073824 2424980 11727952 6652488
 2159 29 7 1896520 1773324 11421060 1813948 4092168 883352 4284772 0 3782020 3632460 4010312 4947012
 2168 30 0 0 14020728 1609904 1132836 975740 2183592 1216652 1979688 1640272 1573804 6277972 1249372
 2177 30 1 3736164 0 9283580 3391800 15782044 5828328 8612884 1870004 3699452 2475076 1521148 2714544
 2186 30 2 1745260 5301720 0 1087396 2330856 1211116 435804 2638292 4270132 8636616 1844328 4870856
 2195 30 3 1571744 3956556 929108 0 1557240 1169188 902476 1194640 1035876 1533692 2927928 2906088
 2204 30 4 1559456 6670796 2495868 1159892 0 1432972 1320460 1638556 4011172 4088900 8727892 9195776
 2213 30 5 1393044 6350488 672888 1290844 693680 0 876148 1802616 3141876 4202732 2737524 6091260
 2222 30 6 1533256 3437076 1616572 868056 2353040 1700928 0 498744 6257552 1080612 2125764 4015408
 2231 30 7 1415516 4818224 2639572 1782520 1943924 1771920 729528 0 1624572 2684604 2096032 2855968
 2240 31 0 0 2058888 4121144 5971056 14255728 4213312 12337288 2530260 7916528 6650012 17741872 6926216
 2249 31 1 8673020 0 1370964 2475092 4421564 1409600 4655608 1079796 5128912 1582008 1821940 2392744
 2258 31 2 6482768 1319764 0 963940 17589952 1160308 6909576 1083108 3121776 6824564 1740340 5494912
 2267 31 3 6373388 1418452 1727180 0 2890980 962220 3109716 748176 2720092 3034056 7758076 4448672
 2276 31 4 17218228 3844280 4640204 5912704 0 13033796 6184444 4081380 4518592 3620772 4376984 7934068
 2285 31 5 3748668 1351496 974136 460764 7358164 0 10700884 1494020 8661120 4550060 13142768 9275432
 2294 31 6 22225264 1529792 4453192 612060 4354256 12129476 0 853284 2950596 2446096 8950932 2831324
 2303 31 7 1217416 1340288 1872424 1253608 2146312 2089572 1311036 0 1855124 2321992 2173132 4812320
 2312 32 0 0 1183068 4796192 1252276 9295112 10090992 1048652 1641472 3103948 3416672 9769312 11960148
 2321 32 1 1280972 0 6421148 3126492 5825616 4431404 934416 2135860 9039748 4163572 3923044 5306088
 2330 32 2 10186476 4308076 0 5707868 25849796 9999544 6214684 5309764 11111232 6889260 3514740 5511500
 2339 32 3 1467524 1445552 8008324 0 8782424 8258500 869752 1258356 1981928 1988112 4925340 5351316
 2348 32 4 4972960 11391712 22781580 2252536 0 23835692 16561644 7029380 8740392 5480420 6139232 6386496
 2357 32 5 9369228 4114616 9442240 2645940 17912040 0 4659732 1128068 8413964 11600164 4764428 11441432
 2366 32 6 1510772 574192 7700304 932040 9313644 4689644 0 375644 8473164 4160396 13717556 4266540
 2375 32 7 1053080 1282448 4405492 1102384 6181164 4441056 299792 0 3765584 5423976 4377616 4575828