# Format <LP id> <Terminal ID> <Total Data Size> <Avg packet latency> <# Flits/Packets finished> <Avg hops> <Busy Time>
4 0 32895816 2967216346.418816 81978 4.852110 0.000000
5 1 627424 476141670.042001 2116 4.392478 11378.764102
6 2 504880 316527349.729825 1630 4.793027 80936.497183
7 3 2991360 7465528351.204977 6236 5.036105 479833.769505
13 4 0 0.000000 0 -nan 0.000000
14 5 0 0.000000 0 -nan 0.000000
15 6 0 0.000000 0 -nan 0.000000
16 7 0 0.000000 0 -nan 0.000000
22 8 2947584 8977978133.517279 5820 4.775404 400576.556840
23 9 0 0.000000 0 -nan 0.000000
24 10 3023776 9843660910.923132 6496 4.937482 476347.901613
25 11 0 0.000000 0 -nan 0.000000
31 12 762480 473189588.372601 2500 4.665016 40776.066838
32 13 0 0.000000 0 -nan 0.000000
33 14 378304 229420251.466019 1166 4.953369 5324.624648
34 15 0 0.000000 0 -nan 0.000000
40 16 0 0.000000 0 -nan 0.000000
41 17 32923868 2934240449.123545 82101 4.459071 0.000000
42 18 0 0.000000 0 -nan 0.000000
43 19 0 0.000000 0 -nan 0.000000
49 20 2991360 5377919423.729507 6236 4.845543 690558.555667
50 21 0 0.000000 0 -nan 0.000000
51 22 631280 564165195.293339 2010 4.670380 27292.459767
52 23 0 0.000000 0 -nan 0.000000
58 24 636192 387381863.351024 2224 4.703995 14330.220402
59 25 0 0.000000 0 -nan 0.000000
60 26 0 0.000000 0 -nan 0.000000
61 27 770144 591320036.602641 3252 4.658417 12955.576640
67 28 0 0.000000 0 -nan 0.000000
68 29 0 0.000000 0 -nan 0.000000
69 30 0 0.000000 0 -nan 0.000000
70 31 0 0.000000 0 -nan 0.000000
76 32 0 0.000000 0 -nan 0.000000
77 33 36249616 3267857063.987154 91856 4.405703 0.000000
78 34 0 0.000000 0 -nan 0.000000
79 35 36672956 3229700969.201142 92954 3.525968 0.000000
85 36 759584 538083838.396703 2510 4.831185 24792.596416
86 37 38745084 3487334205.150497 96674 4.225091 0.000000
87 38 0 0.000000 0 -nan 0.000000
88 39 33754344 3050481430.281256 83633 3.541762 0.000000
94 40 0 0.000000 0 -nan 0.000000
95 41 39597368 3835261208.830411 101486 4.428349 867.210838
96 42 633840 394303900.745976 2134 4.786115 25232.356934
97 43 2991360 4721218996.466283 6236 4.720932 654451.591484
103 44 634800 586376177.998621 2164 4.749951 155719.346334
104 45 2947584 7289469072.257738 5820 5.044044 598738.164023
105 46 3023776 6269527689.732561 6496 4.965949 500528.898419
106 47 2991360 5770577902.395250 6236 4.929349 638567.615010
112 48 0 0.000000 0 -nan 0.000000
113 49 772976 602571277.313515 2944 4.733602 32122.999137
114 50 0 0.000000 0 -nan 0.000000
115 51 640224 388249607.689666 2142 4.777178 26071.850924
121 52 0 0.000000 0 -nan 0.000000
122 53 0 0.000000 0 -nan 0.000000
123 54 0 0.000000 0 -nan 0.000000
124 55 2947584 7107640082.949783 5820 4.839413 499875.740526
130 56 40416496 4012575834.206429 102446 4.860554 0.000000
131 57 0 0.000000 0 -nan 0.000000
132 58 0 0.000000 0 -nan 0.000000
133 59 0 0.000000 0 -nan 0.000000
139 60 764784 525385368.120106 2308 4.912965 22767.080247
140 61 0 0.000000 0 -nan 0.000000
141 62 38745076 3512161021.995634 96708 4.077911 0.000000
142 63 0 0.000000 0 -nan 0.000000
148 64 0 0.000000 0 -nan 0.000000
149 65 2947584 5309640894.928655 5820 4.762289 820269.708458
150 66 0 0.000000 0 -nan 0.000000
151 67 0 0.000000 0 -nan 0.000000
157 68 3023776 8449085012.712235 6496 4.960323 595993.353761
158 69 2991360 11264354579.445515 6236 5.029847 677787.908142
159 70 32510492 2715014555.760841 84009 4.196165 3110.621835
160 71 38731736 3578001249.781863 96707 4.179571 6084.437990
166 72 0 0.000000 0 -nan 0.000000
167 73 32494276 2744705723.772173 83974 4.673384 0.000000
168 74 2947584 5166900170.514431 5820 4.697227 603733.233430
169 75 0 0.000000 0 -nan 0.000000
175 76 0 0.000000 0 -nan 0.000000
176 77 0 0.000000 0 -nan 0.000000
177 78 0 0.000000 0 -nan 0.000000
178 79 0 0.000000 0 -nan 0.000000
184 80 767456 560508480.149078 2702 4.775026 57877.929131
185 81 2991360 6244570643.707726 6236 5.036831 795170.158749
186 82 769008 761258076.611451 2746 4.745477 135595.994847
187 83 0 0.000000 0 -nan 0.000000
193 84 0 0.000000 0 -nan 0.000000
194 85 3023776 6172278133.764845 6496 4.906176 606468.996897
195 86 0 0.000000 0 -nan 0.000000
196 87 0 0.000000 0 -nan 0.000000
202 88 0 0.000000 0 -nan 0.000000
203 89 2991360 5776391901.233989 6236 4.854321 914093.012782
204 90 0 0.000000 0 -nan 0.000000
205 91 621872 504605712.797109 1714 4.791456 72009.365830
211 92 32491384 2845788807.220958 82040 3.806659 0.000000
212 93 0 0.000000 0 -nan 0.000000
213 94 0 0.000000 0 -nan 0.000000
214 95 0 0.000000 0 -nan 0.000000
220 96 0 0.000000 0 -nan 0.000000
221 97 0 0.000000 0 -nan 0.000000
222 98 2991360 4882471535.672344 6236 4.469566 555823.693196
223 99 0 0.000000 0 -nan 0.000000
229 100 637120 604950131.059117 2298 4.921641 45561.194188
230 101 0 0.000000 0 -nan 0.000000
231 102 2991360 5111011466.301510 6236 4.270802 511954.903583
232 103 636432 442976622.972865 1726 4.655099 39011.963987
238 104 0 0.000000 0 -nan 0.000000
239 105 767184 491161463.586087 2770 4.169240 26642.008327
240 106 629792 502079585.079130 2004 4.997912 19632.677922
241 107 0 0.000000 0 -nan 0.000000
247 108 2947584 9014789823.604860 5820 5.332910 555195.426371
248 109 0 0.000000 0 -nan 0.000000
249 110 0 0.000000 0 -nan 0.000000
250 111 0 0.000000 0 -nan 0.000000
256 112 0 0.000000 0 -nan 0.000000
257 113 774128 767892786.803562 2856 4.699296 23781.245970
258 114 0 0.000000 0 -nan 0.000000
259 115 0 0.000000 0 -nan 0.000000
265 116 0 0.000000 0 -nan 0.000000
266 117 0 0.000000 0 -nan 0.000000
267 118 630928 384811065.317711 2220 4.569873 11223.862671
268 119 36649744 3197266933.710597 92860 4.473083 0.000000
274 120 0 0.000000 0 -nan 0.000000
275 121 0 0.000000 0 -nan 0.000000
276 122 0 0.000000 0 -nan 0.000000
277 123 2991360 6284819143.363758 6236 4.826257 445252.388983
283 124 0 0.000000 0 -nan 0.000000
284 125 0 0.000000 0 -nan 0.000000
285 126 0 0.000000 0 -nan 0.000000
286 127 754464 612004960.958320 2322 4.193800 16796.959299
292 128 2991360 5383766795.881481 6236 4.865886 802750.949529
293 129 0 0.000000 0 -nan 0.000000
294 130 0 0.000000 0 -nan 0.000000
295 131 0 0.000000 0 -nan 0.000000
301 132 0 0.000000 0 -nan 0.000000
302 133 0 0.000000 0 -nan 0.000000
303 134 32505740 2875428593.212546 80573 4.579827 0.000000
304 135 0 0.000000 0 -nan 0.000000
310 136 0 0.000000 0 -nan 0.000000
311 137 3023776 7900357058.533152 6496 4.951415 408774.675955
312 138 0 0.000000 0 -nan 0.000000
313 139 0 0.000000 0 -nan 0.000000
319 140 0 0.000000 0 -nan 0.000000
320 141 0 0.000000 0 -nan 0.000000
321 142 0 0.000000 0 -nan 0.000000
322 143 0 0.000000 0 -nan 0.000000
328 144 0 0.000000 0 -nan 0.000000
329 145 0 0.000000 0 -nan 0.000000
330 146 0 0.000000 0 -nan 0.000000
331 147 630880 481632204.051860 1932 5.373584 24155.711078
337 148 0 0.000000 0 -nan 0.000000
338 149 0 0.000000 0 -nan 0.000000
339 150 32502664 2886608714.382789 80550 4.224034 0.000000
340 151 3023776 7329116660.540584 6496 4.524884 659028.691174
346 152 38747532 3563266103.948183 96726 4.315265 15446.081020
347 153 0 0.000000 0 -nan 0.000000
348 154 2991360 7298687893.802464 6236 5.007924 457429.919671
349 155 0 0.000000 0 -nan 0.000000
355 156 3045248 7053197861.335900 6652 4.599790 579676.516781
356 157 29578180 3030278314.167482 76880 4.812107 0.000000
357 158 639600 440980215.970759 2650 4.419881 63612.056085
358 159 0 0.000000 0 -nan 0.000000
364 160 32917712 3170527359.296800 82034 4.902561 0.000000
365 161 32496836 2731022081.782693 83977 4.979079 0.000000
366 162 0 0.000000 0 -nan 0.000000
367 163 0 0.000000 0 -nan 0.000000
373 164 0 0.000000 0 -nan 0.000000
374 165 0 0.000000 0 -nan 0.000000
375 166 3023776 5737595609.841861 6496 4.641053 653132.225824
376 167 0 0.000000 0 -nan 0.000000
382 168 32918448 2930738872.387213 82005 4.315947 0.000000
383 169 0 0.000000 0 -nan 0.000000
384 170 0 0.000000 0 -nan 0.000000
385 171 0 0.000000 0 -nan 0.000000
391 172 501600 240822873.561553 1598 4.466134 6884.386448
392 173 0 0.000000 0 -nan 0.000000
393 174 0 0.000000 0 -nan 0.000000
394 175 0 0.000000 0 -nan 0.000000
400 176 0 0.000000 0 -nan 0.000000
401 177 758112 487385248.111521 2294 4.726976 8064.215005
402 178 0 0.000000 0 -nan 0.000000
403 179 0 0.000000 0 -nan 0.000000
409 180 2947584 6839751199.427725 5820 4.979579 587351.646700
410 181 0 0.000000 0 -nan 0.000000
411 182 635920 482968978.950766 2110 4.770543 31399.873417
412 183 0 0.000000 0 -nan 0.000000
418 184 29578936 2847657425.626329 76989 4.487887 0.000000
419 185 761504 484589832.343144 2680 4.457018 40735.633875
420 186 0 0.000000 0 -nan 0.000000
421 187 504832 248392508.028314 1432 4.615581 6402.070331
427 188 503872 245080603.987760 1552 3.981590 36092.544821
428 189 0 0.000000 0 -nan 0.000000
429 190 0 0.000000 0 -nan 0.000000
430 191 631392 327485832.739702 1914 3.979855 49683.924724
436 192 0 0.000000 0 -nan 0.000000
437 193 0 0.000000 0 -nan 0.000000
438 194 0 0.000000 0 -nan 0.000000
439 195 759008 592292773.920934 2224 4.951533 28466.717901
445 196 0 0.000000 0 -nan 0.000000
446 197 637856 457056703.448931 2422 4.772833 17693.219019
447 198 0 0.000000 0 -nan 0.000000
448 199 0 0.000000 0 -nan 0.000000
454 200 0 0.000000 0 -nan 0.000000
455 201 0 0.000000 0 -nan 0.000000
456 202 2991360 7572046603.784248 6236 5.214184 872694.759227
457 203 0 0.000000 0 -nan 0.000000
463 204 29573788 2924639066.311210 76974 4.533083 0.000000
464 205 503760 309166090.780675 1776 4.678708 5177.508540
465 206 0 0.000000 0 -nan 0.000000
466 207 0 0.000000 0 -nan 0.000000
472 208 0 0.000000 0 -nan 0.000000
473 209 2991360 8129544977.558707 6236 4.974211 395944.111225
474 210 3023776 8475317942.149077 6496 4.154907 827624.300046
475 211 0 0.000000 0 -nan 0.000000
481 212 0 0.000000 0 -nan 0.000000
482 213 3023776 6792725372.362872 6496 5.004950 682558.842222
483 214 759936 902829559.682371 2700 4.879458 81737.384316
484 215 32073480 2614901668.656975 84700 4.793144 0.000000
490 216 0 0.000000 0 -nan 0.000000
491 217 0 0.000000 0 -nan 0.000000
492 218 0 0.000000 0 -nan 0.000000
493 219 2991360 5037391742.803641 6236 4.823075 622388.505488
499 220 634848 345672041.210017 2124 4.725787 11639.518808
500 221 0 0.000000 0 -nan 0.000000
501 222 0 0.000000 0 -nan 0.000000
502 223 0 0.000000 0 -nan 0.000000
508 224 32504728 2911296115.855667 80566 4.900538 0.000000
509 225 0 0.000000 0 -nan 0.000000
510 226 759840 642567497.919966 2238 4.629962 7125.086846
511 227 0 0.000000 0 -nan 0.000000
517 228 0 0.000000 0 -nan 0.000000
518 229 0 0.000000 0 -nan 0.000000
519 230 0 0.000000 0 -nan 0.000000
520 231 27919224 2502344727.941814 72990 4.451578 0.000000
526 232 0 0.000000 0 -nan 0.000000
527 233 0 0.000000 0 -nan 0.000000
528 234 0 0.000000 0 -nan 0.000000
529 235 0 0.000000 0 -nan 0.000000
535 236 0 0.000000 0 -nan 0.000000
536 237 0 0.000000 0 -nan 0.000000
537 238 0 0.000000 0 -nan 0.000000
538 239 2947584 5221255294.434525 5820 4.651262 293476.208975
544 240 0 0.000000 0 -nan 0.000000
545 241 505200 236867334.255288 1672 4.923514 5760.764418
546 242 0 0.000000 0 -nan 0.000000
547 243 625600 341617452.287681 1732 4.925093 4791.824859
553 244 629184 501930158.990276 1882 4.756676 10297.721909
554 245 0 0.000000 0 -nan 0.000000
555 246 504480 282194728.330922 1494 4.684669 15106.064860
556 247 0 0.000000 0 -nan 0.000000
562 248 0 0.000000 0 -nan 0.000000
563 249 0 0.000000 0 -nan 0.000000
564 250 762576 612976915.410498 2284 4.398197 11637.568396
565 251 0 0.000000 0 -nan 0.000000
571 252 0 0.000000 0 -nan 0.000000
572 253 0 0.000000 0 -nan 0.000000
573 254 0 0.000000 0 -nan 0.000000
574 255 0 0.000000 0 -nan 0.000000
580 256 0 0.000000 0 -nan 0.000000
581 257 631648 365791078.756275 2008 4.894414 74153.376609
582 258 637280 353083846.125893 2160 4.862703 51130.929992
583 259 32503148 2906396454.545197 80581 4.635792 12690.932483
589 260 632544 397424144.314066 2094 4.588944 130408.396522
590 261 0 0.000000 0 -nan 0.000000
591 262 32501036 2578691509.170803 84014 4.422067 79447.326370
592 263 2991360 4520061123.588095 6236 5.143981 731697.345281
598 264 0 0.000000 0 -nan 0.000000
599 265 634752 373291331.501068 2144 4.615185 15445.620244
600 266 770032 445676280.920674 2924 4.681308 17977.607285
601 267 0 0.000000 0 -nan 0.000000
607 268 501248 301144607.826847 1514 4.998058 23578.842650
608 269 0 0.000000 0 -nan 0.000000
609 270 0 0.000000 0 -nan 0.000000
610 271 0 0.000000 0 -nan 0.000000
616 272 505344 317561777.104239 1688 4.855944 13567.603031
617 273 0 0.000000 0 -nan 0.000000
618 274 0 0.000000 0 -nan 0.000000
619 275 0 0.000000 0 -nan 0.000000
625 276 0 0.000000 0 -nan 0.000000
626 277 0 0.000000 0 -nan 0.000000
627 278 0 0.000000 0 -nan 0.000000
628 279 0 0.000000 0 -nan 0.000000
634 280 0 0.000000 0 -nan 0.000000
635 281 764992 532882445.556596 2938 4.676872 58637.131624
636 282 3023776 4765325573.218980 6496 4.305602 690461.015212
637 283 0 0.000000 0 -nan 0.000000
643 284 0 0.000000 0 -nan 0.000000
644 285 2991360 7325904960.963434 6236 4.821152 347326.646447
645 286 3023776 3955979874.317375 6496 4.219588 431175.538220
646 287 0 0.000000 0 -nan 0.000000
652 288 0 0.000000 0 -nan 0.000000
653 289 0 0.000000 0 -nan 0.000000
654 290 0 0.000000 0 -nan 0.000000
655 291 633456 344793641.023440 1894 3.934854 8745.879186
661 292 0 0.000000 0 -nan 0.000000
662 293 0 0.000000 0 -nan 0.000000
663 294 34588544 3513876299.844789 89342 3.986463 0.000000
664 295 511216 302507180.197707 1882 4.643428 5034.276239
670 296 0 0.000000 0 -nan 0.000000
671 297 3045248 4197270329.432870 6652 5.033094 818907.921827
672 298 630960 421982293.603990 1838 4.865003 39877.307348
673 299 0 0.000000 0 -nan 0.000000
679 300 642640 399247908.528276 2500 4.820305 12141.621557
680 301 0 0.000000 0 -nan 0.000000
681 302 2947584 4206193143.529685 5820 4.785696 534458.591603
682 303 0 0.000000 0 -nan 0.000000
688 304 0 0.000000 0 -nan 0.000000
689 305 0 0.000000 0 -nan 0.000000
690 306 0 0.000000 0 -nan 0.000000
691 307 0 0.000000 0 -nan 0.000000
697 308 33336608 3141411949.275003 86910 4.410363 7768.008639
698 309 2947584 5838918576.806131 5820 4.408709 517802.477747
699 310 0 0.000000 0 -nan 0.000000
700 311 0 0.000000 0 -nan 0.000000
706 312 0 0.000000 0 -nan 0.000000
707 313 0 0.000000 0 -nan 0.000000
708 314 0 0.000000 0 -nan 0.000000
709 315 0 0.000000 0 -nan 0.000000
715 316 0 0.000000 0 -nan 0.000000
716 317 0 0.000000 0 -nan 0.000000
717 318 505296 247946768.680497 1458 4.196177 48387.246075
718 319 623648 383472257.106700 1836 4.458682 34301.710914
724 320 774192 771513963.497208 2992 4.682564 105789.570296
725 321 0 0.000000 0 -nan 0.000000
726 322 3023776 5232947531.255143 6496 4.771028 363568.656428
727 323 0 0.000000 0 -nan 0.000000
733 324 0 0.000000 0 -nan 0.000000
734 325 632304 452460029.411800 2102 4.759462 34101.001606
735 326 0 0.000000 0 -nan 0.000000
736 327 0 0.000000 0 -nan 0.000000
742 328 32916208 2973306493.364282 82004 4.914248 0.000000
743 329 0 0.000000 0 -nan 0.000000
744 330 0 0.000000 0 -nan 0.000000
745 331 0 0.000000 0 -nan 0.000000
751 332 0 0.000000 0 -nan 0.000000
752 333 0 0.000000 0 -nan 0.000000
753 334 625344 383418725.366301 1742 4.520810 23906.478669
754 335 0 0.000000 0 -nan 0.000000
760 336 0 0.000000 0 -nan 0.000000
761 337 0 0.000000 0 -nan 0.000000
762 338 2947584 4361756725.597180 5820 4.805150 1063199.755749
763 339 761664 667373836.494043 2242 4.643708 32147.965490
769 340 505472 252704179.067114 1584 4.172636 31363.295342
770 341 36670540 3231780300.332554 93358 4.729314 375.641169
771 342 3023776 5608575957.551827 6496 4.718950 983384.615444
772 343 0 0.000000 0 -nan 0.000000
778 344 0 0.000000 0 -nan 0.000000
779 345 0 0.000000 0 -nan 0.000000
780 346 626992 379991092.573296 1736 4.736408 11018.755022
781 347 755872 533508663.834833 2220 4.744463 24230.004189
787 348 3023776 5301115305.245759 6496 4.894534 669214.864601
788 349 0 0.000000 0 -nan 0.000000
789 350 32523708 2715211304.690527 84033 4.746401 0.000000
790 351 0 0.000000 0 -nan 0.000000
796 352 0 0.000000 0 -nan 0.000000
797 353 634608 408013156.116587 1792 4.523831 16442.647933
798 354 0 0.000000 0 -nan 0.000000
799 355 0 0.000000 0 -nan 0.000000
805 356 2947584 5855055964.086084 5820 4.860192 726429.942885
806 357 2991360 4419954840.893824 6236 4.759280 767674.430563
807 358 32505608 2704729166.526772 83973 4.625521 0.000000
808 359 0 0.000000 0 -nan 0.000000
814 360 509328 274636742.782394 1632 4.868747 7135.208916
815 361 0 0.000000 0 -nan 0.000000
816 362 0 0.000000 0 -nan 0.000000
817 363 0 0.000000 0 -nan 0.000000
823 364 0 0.000000 0 -nan 0.000000
824 365 640832 398244051.162199 2434 4.793933 29230.595519
825 366 0 0.000000 0 -nan 0.000000
826 367 2991360 4619261864.964402 6236 5.007133 616465.601164
832 368 766672 692417891.459190 2916 4.524234 35104.370739
833 369 0 0.000000 0 -nan 0.000000
834 370 619376 499337151.402631 1778 4.747765 44104.876575
835 371 0 0.000000 0 -nan 0.000000
841 372 0 0.000000 0 -nan 0.000000
842 373 0 0.000000 0 -nan 0.000000
843 374 0 0.000000 0 -nan 0.000000
844 375 755984 552846607.977607 2346 4.849560 12054.043610
850 376 636576 504632515.177165 2130 4.876479 48633.319735
851 377 0 0.000000 0 -nan 0.000000
852 378 0 0.000000 0 -nan 0.000000
853 379 2991360 5460605836.996234 6236 4.664068 532860.453026
859 380 0 0.000000 0 -nan 0.000000
860 381 0 0.000000 0 -nan 0.000000
861 382 2991360 4564039692.996034 6236 4.853317 471405.709430
862 383 0 0.000000 0 -nan 0.000000
868 384 0 0.000000 0 -nan 0.000000
869 385 0 0.000000 0 -nan 0.000000
870 386 0 0.000000 0 -nan 0.000000
871 387 2991360 7706712901.753911 6236 5.124439 681846.490598
877 388 0 0.000000 0 -nan 0.000000
878 389 0 0.000000 0 -nan 0.000000
879 390 0 0.000000 0 -nan 0.000000
880 391 3023776 7730656665.737840 6496 5.114671 473071.471101
886 392 36236440 3222732418.981265 91869 4.652866 0.000000
887 393 505264 423528999.739991 1580 4.714197 102328.912736
888 394 29579992 2985784891.623580 76940 5.260449 0.000000
889 395 756544 682696589.176324 2730 4.827062 24485.545738
895 396 634496 555411520.093358 1734 4.708507 46086.546898
896 397 0 0.000000 0 -nan 0.000000
897 398 0 0.000000 0 -nan 0.000000
898 399 27921168 2585055623.161924 72986 5.011813 0.000000
904 400 0 0.000000 0 -nan 0.000000
905 401 634048 519227520.529186 2126 4.910245 17990.618410
906 402 0 0.000000 0 -nan 0.000000
907 403 510208 386116520.613067 1884 5.049321 10849.129281
913 404 0 0.000000 0 -nan 0.000000
914 405 0 0.000000 0 -nan 0.000000
915 406 0 0.000000 0 -nan 0.000000
916 407 0 0.000000 0 -nan 0.000000
922 408 2947584 10336080103.618170 5820 4.918599 646352.259258
923 409 3023776 9370709055.319124 6496 4.765740 496492.846163
924 410 2947584 10739331077.977846 5820 5.023917 513988.786722
925 411 3023776 10418270540.959637 6496 4.795062 512364.504579
931 412 3045248 6898398232.676562 6652 4.707506 427826.377595
932 413 0 0.000000 0 -nan 0.000000
933 414 633488 649707288.748811 2046 5.250641 33819.532655
934 415 0 0.000000 0 -nan 0.000000
940 416 0 0.000000 0 -nan 0.000000
941 417 0 0.000000 0 -nan 0.000000
942 418 635680 425682986.052102 2196 4.219922 24839.525150
943 419 0 0.000000 0 -nan 0.000000
949 420 0 0.000000 0 -nan 0.000000
950 421 633280 375609298.113901 2072 3.998867 18935.082050
951 422 2991360 3599562232.283533 6236 4.288518 752893.947358
952 423 36652080 3164623541.815808 92881 4.426534 41.720097
958 424 0 0.000000 0 -nan 0.000000
959 425 0 0.000000 0 -nan 0.000000
960 426 373792 212348765.485692 1024 4.523399 7916.198398
961 427 32493596 3025205902.503850 82011 4.718647 0.000000
967 428 36667220 3254355432.920774 93268 4.648138 0.000000
968 429 0 0.000000 0 -nan 0.000000
969 430 502992 227087898.721065 1618 4.400583 5331.537982
970 431 0 0.000000 0 -nan 0.000000
976 432 631440 301424319.391806 2024 4.410335 19526.241319
977 433 0 0.000000 0 -nan 0.000000
978 434 771488 640583383.148044 3106 4.554397 80087.919014
979 435 0 0.000000 0 -nan 0.000000
985 436 2991360 4730366306.281145 6236 4.536959 988308.618919
986 437 511712 267861918.322640 1750 4.321368 92702.681864
987 438 0 0.000000 0 -nan 0.000000
988 439 32498812 2925491560.985599 81971 4.556688 5796.700430
994 440 0 0.000000 0 -nan 0.000000
995 441 2947584 5566327810.258543 5820 4.926861 505444.988199
996 442 0 0.000000 0 -nan 0.000000
997 443 501008 297313481.963974 1404 4.602150 33300.614682
1003 444 0 0.000000 0 -nan 0.000000
1004 445 0 0.000000 0 -nan 0.000000
1005 446 2947584 4746391829.882204 5820 4.841421 1572754.320417
1006 447 0 0.000000 0 -nan 0.000000
1012 448 0 0.000000 0 -nan 0.000000
1013 449 0 0.000000 0 -nan 0.000000
1014 450 3023776 4979210711.364315 6496 4.902123 834940.904246
1015 451 0 0.000000 0 -nan 0.000000
1021 452 0 0.000000 0 -nan 0.000000
1022 453 0 0.000000 0 -nan 0.000000
1023 454 764496 577924628.253522 2770 4.943651 98208.304064
1024 455 630848 475446790.491690 2072 4.718271 27108.964016
1030 456 0 0.000000 0 -nan 0.000000
1031 457 0 0.000000 0 -nan 0.000000
1032 458 0 0.000000 0 -nan 0.000000
1033 459 0 0.000000 0 -nan 0.000000
1039 460 637984 392622670.378189 2176 4.895691 15359.004671
1040 461 0 0.000000 0 -nan 0.000000
1041 462 766832 548240987.520072 2946 4.463440 59769.225808
1042 463 0 0.000000 0 -nan 0.000000
1048 464 0 0.000000 0 -nan 0.000000
1049 465 0 0.000000 0 -nan 0.000000
1050 466 638736 346147715.050545 2238 4.739014 32076.229696
1051 467 767632 616603638.048002 2346 4.830140 75864.131153
1057 468 0 0.000000 0 -nan 0.000000
1058 469 0 0.000000 0 -nan 0.000000
1059 470 2991360 7746880671.701538 6236 5.162381 586034.772643
1060 471 0 0.000000 0 -nan 0.000000
1066 472 2991360 4308998191.466664 6236 4.550478 681209.402353
1067 473 3023776 5149706329.574229 6496 4.786798 623937.268952
1068 474 0 0.000000 0 -nan 0.000000
1069 475 0 0.000000 0 -nan 0.000000
1075 476 0 0.000000 0 -nan 0.000000
1076 477 0 0.000000 0 -nan 0.000000
1077 478 0 0.000000 0 -nan 0.000000
1078 479 0 0.000000 0 -nan 0.000000
1084 480 0 0.000000 0 -nan 0.000000
1085 481 0 0.000000 0 -nan 0.000000
1086 482 0 0.000000 0 -nan 0.000000
1087 483 0 0.000000 0 -nan 0.000000
1093 484 377184 159159620.690618 1118 3.870293 6421.054527
1094 485 761328 589305692.653269 2312 4.615182 18029.402591
1095 486 0 0.000000 0 -nan 0.000000
1096 487 32493152 2879646826.363219 80473 4.688088 0.000000
1102 488 0 0.000000 0 -nan 0.000000
1103 489 0 0.000000 0 -nan 0.000000
1104 490 0 0.000000 0 -nan 0.000000
1105 491 0 0.000000 0 -nan 0.000000
1111 492 0 0.000000 0 -nan 0.000000
1112 493 634864 414059199.893661 2238 4.776491 71968.773530
1113 494 501872 269240553.776441 1518 3.729622 21584.461047
1114 495 2947584 4879633295.772646 5820 4.902011 670889.674400
1120 496 2947584 7116908758.443925 5820 4.968994 516039.291424
1121 497 0 0.000000 0 -nan 0.000000
1122 498 767936 723695628.405398 2824 4.688196 41198.451956
1123 499 379504 235897812.822211 1298 3.758468 26938.133923
1129 500 39180064 3964298122.703426 100918 4.988075 45.368408
1130 501 0 0.000000 0 -nan 0.000000
1131 502 2991360 4786121322.821512 6236 4.899065 584148.702493
1132 503 640528 447832190.362004 2232 4.798951 14180.768533
1138 504 0 0.000000 0 -nan 0.000000
1139 505 0 0.000000 0 -nan 0.000000
1140 506 0 0.000000 0 -nan 0.000000
1141 507 0 0.000000 0 -nan 0.000000
1147 508 0 0.000000 0 -nan 0.000000
1148 509 0 0.000000 0 -nan 0.000000
1149 510 508400 261447430.433114 1784 4.148845 9541.682175
1150 511 39165496 3823370375.934658 100800 5.028123 0.000000
1156 512 2991360 6686855029.483175 6236 4.718775 516534.359181
1157 513 34549172 3411813253.071870 89249 4.921635 0.000000
1158 514 0 0.000000 0 -nan 0.000000
1159 515 635968 379265508.124760 2022 4.730383 22496.717221
1165 516 507328 255024219.201673 1644 4.672127 9808.380598
1166 517 0 0.000000 0 -nan 0.000000
1167 518 0 0.000000 0 -nan 0.000000
1168 519 0 0.000000 0 -nan 0.000000
1174 520 624000 353186549.912881 1722 4.518873 6450.986014
1175 521 0 0.000000 0 -nan 0.000000
1176 522 0 0.000000 0 -nan 0.000000
1177 523 27933140 2540121646.521742 73021 4.598518 0.000000
1183 524 40428396 4266724531.986685 102409 4.307126 0.000000
1184 525 32920828 2766963554.679042 85442 3.905711 320.846475
1185 526 758272 566443699.317482 2218 4.765310 12299.800976
1186 527 36667572 3234017295.172113 93411 3.982840 0.000000
1192 528 0 0.000000 0 -nan 0.000000
1193 529 0 0.000000 0 -nan 0.000000
1194 530 32504212 2909678488.781291 80569 4.582094 0.000000
1195 531 0 0.000000 0 -nan 0.000000
1201 532 502656 288147398.726371 1374 4.613782 8836.133492
1202 533 630992 392407493.790075 1754 4.802999 6534.780858
1203 534 32497604 2728748305.792499 84032 4.301708 0.000000
1204 535 0 0.000000 0 -nan 0.000000
1210 536 0 0.000000 0 -nan 0.000000
1211 537 0 0.000000 0 -nan 0.000000
1212 538 0 0.000000 0 -nan 0.000000
1213 539 496032 256933288.064813 1286 4.410065 14346.270040
1219 540 0 0.000000 0 -nan 0.000000
1220 541 0 0.000000 0 -nan 0.000000
1221 542 2947584 7791315225.808537 5820 4.860268 773048.825231
1222 543 3023776 8658226049.650518 6496 5.100569 707289.137812
1228 544 2947584 6733282424.053110 5820 4.862960 550011.239880
1229 545 0 0.000000 0 -nan 0.000000
1230 546 0 0.000000 0 -nan 0.000000
1231 547 0 0.000000 0 -nan 0.000000
1237 548 2991360 11690521040.742044 6236 5.046901 475868.823349
1238 549 770384 628770541.573853 2736 4.518259 17902.845329
1239 550 0 0.000000 0 -nan 0.000000
1240 551 0 0.000000 0 -nan 0.000000
1246 552 504256 225112903.489710 1550 4.992980 5096.003217
1247 553 0 0.000000 0 -nan 0.000000
1248 554 0 0.000000 0 -nan 0.000000
1249 555 0 0.000000 0 -nan 0.000000
1255 556 2991360 4821971711.804192 6236 4.706036 658831.088500
1256 557 0 0.000000 0 -nan 0.000000
1257 558 0 0.000000 0 -nan 0.000000
1258 559 0 0.000000 0 -nan 0.000000
1264 560 38736336 3518433823.179208 96743 4.351854 0.000000
1265 561 772144 555157073.291981 2772 4.635903 40541.210823
1266 562 0 0.000000 0 -nan 0.000000
1267 563 0 0.000000 0 -nan 0.000000
1273 564 0 0.000000 0 -nan 0.000000
1274 565 760688 567055286.082641 2196 4.936355 38130.413175
1275 566 0 0.000000 0 -nan 0.000000
1276 567 0 0.000000 0 -nan 0.000000
1282 568 2947584 5811987293.758512 5820 4.919142 492835.020735
1283 569 0 0.000000 0 -nan 0.000000
1284 570 0 0.000000 0 -nan 0.000000
1285 571 0 0.000000 0 -nan 0.000000
1291 572 0 0.000000 0 -nan 0.000000
1292 573 637136 381632069.861797 2266 4.424315 26513.703883
1293 574 32486248 2908212677.971630 80548 4.486035 0.000000
1294 575 507824 233934932.618045 1538 4.988270 8859.065133
1300 576 3023776 4493542199.842171 6496 4.968588 604733.519776
1301 577 0 0.000000 0 -nan 0.000000
1302 578 0 0.000000 0 -nan 0.000000
1303 579 767760 705128271.292184 2880 4.893474 59521.912181
1309 580 0 0.000000 0 -nan 0.000000
1310 581 0 0.000000 0 -nan 0.000000
1311 582 635248 436246766.198189 2004 4.361059 12922.824870
1312 583 2991360 4950100949.731220 6236 4.816165 628181.278616
1318 584 0 0.000000 0 -nan 0.000000
1319 585 0 0.000000 0 -nan 0.000000
1320 586 0 0.000000 0 -nan 0.000000
1321 587 633152 319164794.733403 1936 5.016987 3569.262372
1327 588 0 0.000000 0 -nan 0.000000
1328 589 627632 314454597.885096 1784 4.307086 23884.089263
1329 590 0 0.000000 0 -nan 0.000000
1330 591 0 0.000000 0 -nan 0.000000
1336 592 636752 448681852.227968 2122 4.977961 19426.896603
1337 593 498384 282965679.126335 1354 4.935003 45574.927059
1338 594 636224 436704188.939094 2360 4.483494 60553.313707
1339 595 635488 489634490.937450 2064 4.490369 15901.844505
1345 596 0 0.000000 0 -nan 0.000000
1346 597 0 0.000000 0 -nan 0.000000
1347 598 0 0.000000 0 -nan 0.000000
1348 599 0 0.000000 0 -nan 0.000000
1354 600 0 0.000000 0 -nan 0.000000
1355 601 0 0.000000 0 -nan 0.000000
1356 602 776464 553873874.292198 2906 4.491590 56772.538655
1357 603 639568 435678916.888848 2616 4.627938 8576.459141
1363 604 0 0.000000 0 -nan 0.000000
1364 605 0 0.000000 0 -nan 0.000000
1365 606 33338416 3034965930.587988 86940 4.552517 0.000000
1366 607 0 0.000000 0 -nan 0.000000
1372 608 0 0.000000 0 -nan 0.000000
1373 609 0 0.000000 0 -nan 0.000000
1374 610 0 0.000000 0 -nan 0.000000
1375 611 2991360 5475790102.746171 6236 4.620937 651497.309538
1381 612 39579236 3959568425.651768 101487 4.641514 0.000000
1382 613 34582828 3483239189.038980 89386 4.581223 0.000000
1383 614 643168 397578837.734534 2450 4.446828 11191.055425
1384 615 770080 558715897.627663 2992 4.390216 20698.397315
1390 616 629120 383069166.372508 2054 4.827483 39281.991043
1391 617 0 0.000000 0 -nan 0.000000
1392 618 2991360 3999053901.620626 6236 5.045150 701473.462550
1393 619 0 0.000000 0 -nan 0.000000
1399 620 0 0.000000 0 -nan 0.000000
1400 621 762288 624298535.007008 2314 4.719427 9852.537535
1401 622 0 0.000000 0 -nan 0.000000
1402 623 0 0.000000 0 -nan 0.000000
1408 624 0 0.000000 0 -nan 0.000000
1409 625 0 0.000000 0 -nan 0.000000
1410 626 504912 239575339.462810 1576 5.045009 15795.727837
1411 627 0 0.000000 0 -nan 0.000000
1417 628 38740296 3581776182.849937 96728 5.077549 0.000000
1418 629 0 0.000000 0 -nan 0.000000
1419 630 631952 449058157.157161 1916 4.503278 30653.076412
1420 631 0 0.000000 0 -nan 0.000000
1426 632 762656 681638439.111053 2310 4.503628 30404.830569
1427 633 0 0.000000 0 -nan 0.000000
1428 634 0 0.000000 0 -nan 0.000000
1429 635 0 0.000000 0 -nan 0.000000
1435 636 0 0.000000 0 -nan 0.000000
1436 637 0 0.000000 0 -nan 0.000000
1437 638 32905384 3248204987.591935 82024 4.182842 0.000000
1438 639 756352 559862523.489697 2286 4.680372 10422.463586
1444 640 0 0.000000 0 -nan 0.000000
1445 641 0 0.000000 0 -nan 0.000000
1446 642 637600 416957800.513247 2290 4.848787 14862.581418
1447 643 0 0.000000 0 -nan 0.000000
1453 644 40411528 3995812876.969995 102403 4.989300 0.000000
1454 645 0 0.000000 0 -nan 0.000000
1455 646 506160 296153177.321306 1696 4.874754 23638.588253
1456 647 0 0.000000 0 -nan 0.000000
1462 648 3023776 6481994032.381576 6496 5.010998 640759.700195
1463 649 32503208 3014898152.196670 80567 4.769978 0.000000
1464 650 0 0.000000 0 -nan 0.000000
1465 651 0 0.000000 0 -nan 0.000000
1471 652 0 0.000000 0 -nan 0.000000
1472 653 633856 459461811.515831 2102 5.088712 31731.893916
1473 654 504848 281674200.940193 1496 3.970951 120627.800350
1474 655 0 0.000000 0 -nan 0.000000
1480 656 0 0.000000 0 -nan 0.000000
1481 657 0 0.000000 0 -nan 0.000000
1482 658 2991360 6108649766.386721 6236 5.085718 742555.520079
1483 659 757504 629220307.539735 2242 4.851929 56001.488614
1489 660 0 0.000000 0 -nan 0.000000
1490 661 33340156 2978312206.678878 86877 4.136628 15079.491631
1491 662 0 0.000000 0 -nan 0.000000
1492 663 758672 592036935.509513 2276 4.871652 82481.172750
1498 664 0 0.000000 0 -nan 0.000000
1499 665 0 0.000000 0 -nan 0.000000
1500 666 2991360 8996764960.610516 6236 4.827047 569650.738026
1501 667 3045248 8251783276.497835 6652 4.951915 433264.352617
1507 668 380576 193903880.413497 1302 4.177805 13625.478686
1508 669 0 0.000000 0 -nan 0.000000
1509 670 0 0.000000 0 -nan 0.000000
1510 671 36243032 3252717857.350645 91853 4.729954 0.000000
1516 672 635248 561934648.512934 2242 4.768551 107176.091932
1517 673 2947584 6576629308.078629 5820 5.027065 546844.453917
1518 674 0 0.000000 0 -nan 0.000000
1519 675 0 0.000000 0 -nan 0.000000
1525 676 0 0.000000 0 -nan 0.000000
1526 677 635504 368871734.620196 2226 4.576073 5895.346488
1527 678 0 0.000000 0 -nan 0.000000
1528 679 0 0.000000 0 -nan 0.000000
1534 680 0 0.000000 0 -nan 0.000000
1535 681 0 0.000000 0 -nan 0.000000
1536 682 0 0.000000 0 -nan 0.000000
1537 683 0 0.000000 0 -nan 0.000000
1543 684 380288 325532952.979159 1366 4.571940 5068.480562
1544 685 3023776 6486261111.865805 6496 4.808182 563696.328943
1545 686 3045248 7297684545.678471 6652 4.847101 388582.104183
1546 687 3023776 7091746609.788280 6496 4.760410 390087.908278
1552 688 36652636 3245552864.138082 93322 4.726410 0.000000
1553 689 769120 644989242.201038 2704 4.804040 28316.769035
1554 690 0 0.000000 0 -nan 0.000000
1555 691 630672 593748982.125638 2250 4.553452 13046.712991
1561 692 0 0.000000 0 -nan 0.000000
1562 693 0 0.000000 0 -nan 0.000000
1563 694 0 0.000000 0 -nan 0.000000
1564 695 40403288 3999389541.204761 102369 4.760621 0.000000
1570 696 0 0.000000 0 -nan 0.000000
1571 697 0 0.000000 0 -nan 0.000000
1572 698 0 0.000000 0 -nan 0.000000
1573 699 506832 300609951.707738 1794 4.928930 5517.133492
1579 700 625760 435533974.223683 1756 4.581729 18624.694867
1580 701 0 0.000000 0 -nan 0.000000
1581 702 0 0.000000 0 -nan 0.000000
1582 703 0 0.000000 0 -nan 0.000000
1588 704 626816 528467069.208061 1932 4.701220 25756.555212
1589 705 0 0.000000 0 -nan 0.000000
1590 706 39598796 3987853703.279718 101491 4.771283 0.000000
1591 707 756832 570003914.591860 2246 4.925817 71921.159186
1597 708 0 0.000000 0 -nan 0.000000
1598 709 773456 531270098.318486 2964 4.738076 10196.179449
1599 710 32910660 2952874088.481506 81989 4.825558 0.000000
1600 711 0 0.000000 0 -nan 0.000000
1606 712 0 0.000000 0 -nan 0.000000
1607 713 0 0.000000 0 -nan 0.000000
1608 714 0 0.000000 0 -nan 0.000000
1609 715 2991360 4653699467.471576 6236 4.752680 1225139.601203
1615 716 3023776 6254413679.985017 6496 4.872294 1456917.558474
1616 717 0 0.000000 0 -nan 0.000000
1617 718 503376 362434065.616363 1594 4.961128 11553.041768
1618 719 36664632 3216046858.096839 92949 4.555448 0.000000
1624 720 3023776 8072403478.866200 6496 4.933503 470986.544525
1625 721 2991360 10072670483.895716 6236 5.180449 672665.538944
1626 722 0 0.000000 0 -nan 0.000000
1627 723 39178140 3834186556.302692 100852 4.528712 155095.120453
1633 724 0 0.000000 0 -nan 0.000000
1634 725 0 0.000000 0 -nan 0.000000
1635 726 0 0.000000 0 -nan 0.000000
1636 727 625072 386946656.853247 1918 4.580711 10887.540413
1642 728 0 0.000000 0 -nan 0.000000
1643 729 0 0.000000 0 -nan 0.000000
1644 730 0 0.000000 0 -nan 0.000000
1645 731 0 0.000000 0 -nan 0.000000
1651 732 0 0.000000 0 -nan 0.000000
1652 733 0 0.000000 0 -nan 0.000000
1653 734 0 0.000000 0 -nan 0.000000
1654 735 0 0.000000 0 -nan 0.000000
1660 736 2991360 5913310436.367859 6236 4.572434 719269.817083
1661 737 0 0.000000 0 -nan 0.000000
1662 738 636880 484025063.106159 2112 4.850979 91597.932293
1663 739 2991360 5224190505.757745 6236 4.967259 679630.233518
1669 740 629008 419301854.955504 1828 4.781953 19056.016868
1670 741 760512 759703719.973939 2588 4.611371 16331.915198
1671 742 0 0.000000 0 -nan 0.000000
1672 743 0 0.000000 0 -nan 0.000000
1678 744 2947584 7290978916.534567 5820 4.842366 436111.896536
1679 745 0 0.000000 0 -nan 0.000000
1680 746 0 0.000000 0 -nan 0.000000
1681 747 0 0.000000 0 -nan 0.000000
1687 748 3023776 8440272398.710275 6496 4.659725 372046.137204
1688 749 0 0.000000 0 -nan 0.000000
1689 750 0 0.000000 0 -nan 0.000000
1690 751 506288 356945626.675458 1580 4.312894 14910.223902
1696 752 0 0.000000 0 -nan 0.000000
1697 753 27913272 2490409463.419725 72964 4.321830 0.000000
1698 754 0 0.000000 0 -nan 0.000000
1699 755 500784 323972409.657277 1482 4.604349 5610.772939
1705 756 3045248 7030548729.211637 6652 4.920308 764905.451845
1706 757 2991360 5242197802.007037 6236 5.082066 775215.089090
1707 758 0 0.000000 0 -nan 0.000000
1708 759 0 0.000000 0 -nan 0.000000
1714 760 0 0.000000 0 -nan 0.000000
1715 761 32086876 2623086551.007607 84683 4.654016 0.000000
1716 762 0 0.000000 0 -nan 0.000000
1717 763 630752 432634728.838680 1774 4.588565 11677.392445
1723 764 0 0.000000 0 -nan 0.000000
1724 765 3023776 5167922928.265191 6496 5.042928 731439.601797
1725 766 629584 559553593.412419 2218 4.622978 31728.700166
1726 767 628800 556075659.152939 1746 5.154440 15810.906516
1732 768 0 0.000000 0 -nan 0.000000
1733 769 0 0.000000 0 -nan 0.000000
1734 770 0 0.000000 0 -nan 0.000000
1735 771 0 0.000000 0 -nan 0.000000
1741 772 0 0.000000 0 -nan 0.000000
1742 773 0 0.000000 0 -nan 0.000000
1743 774 0 0.000000 0 -nan 0.000000
1744 775 0 0.000000 0 -nan 0.000000
1750 776 0 0.000000 0 -nan 0.000000
1751 777 0 0.000000 0 -nan 0.000000
1752 778 761376 566200129.251527 2738 4.141378 42125.256669
1753 779 2991360 6425739253.252947 6236 4.927790 967027.950772
1759 780 0 0.000000 0 -nan 0.000000
1760 781 0 0.000000 0 -nan 0.000000
1761 782 0 0.000000 0 -nan 0.000000
1762 783 0 0.000000 0 -nan 0.000000
1768 784 0 0.000000 0 -nan 0.000000
1769 785 32489448 2925314951.986235 80477 4.571324 25171.114481
1770 786 3023776 6921483939.414606 6496 4.879566 678920.307897
1771 787 0 0.000000 0 -nan 0.000000
1777 788 0 0.000000 0 -nan 0.000000
1778 789 0 0.000000 0 -nan 0.000000
1779 790 3023776 5244201597.090456 6496 4.962772 488494.662207
1780 791 0 0.000000 0 -nan 0.000000
1786 792 0 0.000000 0 -nan 0.000000
1787 793 0 0.000000 0 -nan 0.000000
1788 794 0 0.000000 0 -nan 0.000000
1789 795 32512656 2702026887.999228 84082 4.745000 0.000000
1795 796 629616 484335480.655536 1980 4.533950 16352.152255
1796 797 637312 463272422.389046 2064 4.839268 23512.827038
1797 798 633632 481392093.888236 2220 4.499755 91155.967582
1798 799 506272 320986982.505825 1682 4.886884 22765.815848
1804 800 0 0.000000 0 -nan 0.000000
1805 801 0 0.000000 0 -nan 0.000000
1806 802 0 0.000000 0 -nan 0.000000
1807 803 0 0.000000 0 -nan 0.000000
1813 804 0 0.000000 0 -nan 0.000000
1814 805 0 0.000000 0 -nan 0.000000
1815 806 0 0.000000 0 -nan 0.000000
1816 807 0 0.000000 0 -nan 0.000000
1822 808 0 0.000000 0 -nan 0.000000
1823 809 0 0.000000 0 -nan 0.000000
1824 810 0 0.000000 0 -nan 0.000000
1825 811 0 0.000000 0 -nan 0.000000
1831 812 32472632 2874701146.585768 80482 4.597524 0.000000
1832 813 0 0.000000 0 -nan 0.000000
1833 814 0 0.000000 0 -nan 0.000000
1834 815 0 0.000000 0 -nan 0.000000
1840 816 0 0.000000 0 -nan 0.000000
1841 817 2991360 7552766229.352344 6236 4.997854 543450.130217
1842 818 0 0.000000 0 -nan 0.000000
1843 819 0 0.000000 0 -nan 0.000000
1849 820 0 0.000000 0 -nan 0.000000
1850 821 36248328 3135884970.138887 91859 3.725200 0.000000
1851 822 0 0.000000 0 -nan 0.000000
1852 823 33726884 3048192237.628059 83569 3.954085 0.000000
1858 824 2991360 5221959045.739572 6236 5.086338 583567.331488
1859 825 0 0.000000 0 -nan 0.000000
1860 826 632080 454502060.954533 2038 5.006076 25390.343907
1861 827 503040 293105712.227984 1504 4.206161 21014.478944
1867 828 0 0.000000 0 -nan 0.000000
1868 829 630656 443120711.262897 2078 4.690109 28090.729840
1869 830 3045248 5126706922.889961 6652 4.911875 841878.979698
1870 831 0 0.000000 0 -nan 0.000000
1876 832 32909292 2849393832.322147 85428 3.976555 0.000000
1877 833 0 0.000000 0 -nan 0.000000
1878 834 0 0.000000 0 -nan 0.000000
1879 835 0 0.000000 0 -nan 0.000000
1885 836 766912 601938934.702080 2898 4.793416 4359.491046
1886 837 0 0.000000 0 -nan 0.000000
1887 838 0 0.000000 0 -nan 0.000000
1888 839 0 0.000000 0 -nan 0.000000
1894 840 32504460 2967583050.811635 80609 4.757629 0.000000
1895 841 0 0.000000 0 -nan 0.000000
1896 842 760544 412146902.620401 2274 4.321978 7882.376570
1897 843 32505128 2997906820.291489 80581 4.930163 0.000000
1903 844 38747032 3528476706.475215 96728 4.511020 0.000000
1904 845 0 0.000000 0 -nan 0.000000
1905 846 506320 271616916.989599 1650 4.545550 32783.526661
1906 847 0 0.000000 0 -nan 0.000000
1912 848 0 0.000000 0 -nan 0.000000
1913 849 0 0.000000 0 -nan 0.000000
1914 850 503840 261619184.864259 1590 4.695830 2497.395922
1915 851 758848 528426888.585659 2330 4.150112 27279.504525
1921 852 0 0.000000 0 -nan 0.000000
1922 853 506112 305803556.101051 1602 4.635296 11378.899715
1923 854 504656 313080116.866693 1632 4.578003 6672.201852
1924 855 505744 296242900.878185 1610 4.600890 11632.577988
1930 856 0 0.000000 0 -nan 0.000000
1931 857 636784 337552105.005086 1982 4.881907 6487.711480
1932 858 0 0.000000 0 -nan 0.000000
1933 859 33341032 3087300229.853362 86894 4.435763 0.000000
1939 860 0 0.000000 0 -nan 0.000000
1940 861 0 0.000000 0 -nan 0.000000
1941 862 0 0.000000 0 -nan 0.000000
1942 863 32488240 2913291227.961584 82008 4.348572 0.000000
1948 864 0 0.000000 0 -nan 0.000000
1949 865 2991360 7872936667.823956 6236 4.821409 448375.755547
1950 866 0 0.000000 0 -nan 0.000000
1951 867 0 0.000000 0 -nan 0.000000
1957 868 627184 437362997.989570 1922 4.655019 12709.370439
1958 869 32073304 2611439441.450781 84725 4.852254 0.000000
1959 870 0 0.000000 0 -nan 0.000000
1960 871 0 0.000000 0 -nan 0.000000
1966 872 0 0.000000 0 -nan 0.000000
1967 873 0 0.000000 0 -nan 0.000000
1968 874 0 0.000000 0 -nan 0.000000
1969 875 0 0.000000 0 -nan 0.000000
1975 876 0 0.000000 0 -nan 0.000000
1976 877 762960 606507821.949559 2638 4.879237 65514.639310
1977 878 0 0.000000 0 -nan 0.000000
1978 879 626448 388095377.327891 1722 5.231420 23371.286008
1984 880 32504220 2981619790.551987 80568 4.599477 0.000000
1985 881 0 0.000000 0 -nan 0.000000
1986 882 32925724 2978131009.922312 85448 4.624483 1274.447504
1987 883 2991360 6485946299.292156 6236 5.037237 436623.525420
1993 884 636000 419368730.993902 2076 4.715400 19974.216371
1994 885 769488 535091633.973636 2646 5.015180 40276.754218
1995 886 756064 516528140.377031 2192 4.920928 19491.569875
1996 887 0 0.000000 0 -nan 0.000000
2002 888 0 0.000000 0 -nan 0.000000
2003 889 0 0.000000 0 -nan 0.000000
2004 890 0 0.000000 0 -nan 0.000000
2005 891 374336 193064753.061529 1112 4.494806 3242.439549
2011 892 32905348 2949284519.878515 81992 4.686768 0.000000
2012 893 767888 448740436.245235 2784 4.651788 23181.451630
2013 894 0 0.000000 0 -nan 0.000000
2014 895 0 0.000000 0 -nan 0.000000
2020 896 0 0.000000 0 -nan 0.000000
2021 897 0 0.000000 0 -nan 0.000000
2022 898 0 0.000000 0 -nan 0.000000
2023 899 3023776 4155896837.366206 6496 4.887008 407547.208832
2029 900 0 0.000000 0 -nan 0.000000
2030 901 36263460 3227913393.973977 91963 4.583710 0.000000
2031 902 0 0.000000 0 -nan 0.000000
2032 903 0 0.000000 0 -nan 0.000000
2038 904 33745704 3193738881.882607 83687 4.862723 2280.047908
2039 905 0 0.000000 0 -nan 0.000000
2040 906 3023776 6847005712.756459 6496 4.504090 870854.010510
2041 907 2947584 6228716902.283647 5820 4.925015 472733.640770
2047 908 0 0.000000 0 -nan 0.000000
2048 909 39173636 3853576275.239718 100853 4.931122 0.000000
2049 910 507968 292262634.716689 1632 4.258933 2826.350909
2050 911 0 0.000000 0 -nan 0.000000
2056 912 0 0.000000 0 -nan 0.000000
2057 913 0 0.000000 0 -nan 0.000000
2058 914 633792 521054770.723396 2036 5.239010 35629.389358
2059 915 0 0.000000 0 -nan 0.000000
2065 916 0 0.000000 0 -nan 0.000000
2066 917 2991360 6439661617.781497 6236 5.030669 431883.412474
2067 918 774320 779949651.440441 3190 4.847978 36808.843009
2068 919 2991360 5086426854.133973 6236 4.712507 790291.096490
2074 920 0 0.000000 0 -nan 0.000000
2075 921 505824 284165327.133928 1570 4.532152 5250.187070
2076 922 507824 276983180.851984 1726 5.114309 11301.900183
2077 923 33751788 3077926380.672660 83649 4.492107 0.000000
2083 924 0 0.000000 0 -nan 0.000000
2084 925 501568 315419984.062398 1444 4.561354 3867.070806
2085 926 0 0.000000 0 -nan 0.000000
2086 927 0 0.000000 0 -nan 0.000000
2092 928 0 0.000000 0 -nan 0.000000
2093 929 0 0.000000 0 -nan 0.000000
2094 930 0 0.000000 0 -nan 0.000000
2095 931 631856 335693282.771648 1844 4.518031 22055.055902
2101 932 0 0.000000 0 -nan 0.000000
2102 933 0 0.000000 0 -nan 0.000000
2103 934 0 0.000000 0 -nan 0.000000
2104 935 0 0.000000 0 -nan 0.000000
2110 936 0 0.000000 0 -nan 0.000000
2111 937 0 0.000000 0 -nan 0.000000
2112 938 0 0.000000 0 -nan 0.000000
2113 939 32504832 2886233709.885268 80543 4.402138 0.000000
2119 940 2991360 5420350365.399455 6236 5.043441 671400.129487
2120 941 756128 667865609.229129 2262 4.731836 18144.769482
2121 942 0 0.000000 0 -nan 0.000000
2122 943 0 0.000000 0 -nan 0.000000
2128 944 36249024 3158641195.497980 91890 4.711116 0.000000
2129 945 759024 650495373.787056 2276 4.883808 40224.333341
2130 946 0 0.000000 0 -nan 0.000000
2131 947 636928 534391194.383776 2184 4.839492 57033.086971
2137 948 0 0.000000 0 -nan 0.000000
2138 949 3045248 6640072349.606668 6652 4.928961 396920.291564
2139 950 2991360 6475798337.059721 6236 5.172344 764952.989083
2140 951 635664 605486069.953614 2276 4.924306 45894.800358
2146 952 34567788 3385256703.176894 89328 4.349848 0.000000
2147 953 0 0.000000 0 -nan 0.000000
2148 954 0 0.000000 0 -nan 0.000000
2149 955 0 0.000000 0 -nan 0.000000
2155 956 2991360 6030502273.938834 6236 5.098511 874924.517862
2156 957 0 0.000000 0 -nan 0.000000
2157 958 621584 531579398.755644 1706 4.804110 30785.907923
2158 959 627536 644393532.283572 1994 4.876820 94017.696461
2164 960 2991360 4612433990.393212 6236 5.069839 1184701.812802
2165 961 0 0.000000 0 -nan 0.000000
2166 962 633312 447611359.037934 2030 5.038450 141118.940572
2167 963 0 0.000000 0 -nan 0.000000
2173 964 0 0.000000 0 -nan 0.000000
2174 965 630160 473391519.189742 1930 5.073134 93987.622460
2175 966 39596272 4036611439.774068 101494 4.637325 42041.326839
2176 967 629424 473269791.874861 1796 4.292050 154290.872278
2182 968 633328 426657223.995340 1970 5.028836 18911.206203
2183 969 0 0.000000 0 -nan 0.000000
2184 970 0 0.000000 0 -nan 0.000000
2185 971 0 0.000000 0 -nan 0.000000
2191 972 2947584 6097359009.134374 5820 5.134152 960057.653951
2192 973 0 0.000000 0 -nan 0.000000
2193 974 0 0.000000 0 -nan 0.000000
2194 975 764400 573583600.178620 2702 4.449984 71537.415625
2200 976 632528 440928669.476760 1992 4.757972 10709.560756
2201 977 0 0.000000 0 -nan 0.000000
2202 978 0 0.000000 0 -nan 0.000000
2203 979 0 0.000000 0 -nan 0.000000
2209 980 0 0.000000 0 -nan 0.000000
2210 981 0 0.000000 0 -nan 0.000000
2211 982 0 0.000000 0 -nan 0.000000
2212 983 0 0.000000 0 -nan 0.000000
2218 984 0 0.000000 0 -nan 0.000000
2219 985 764800 544974300.206763 2590 4.790817 52399.314613
2220 986 0 0.000000 0 -nan 0.000000
2221 987 0 0.000000 0 -nan 0.000000
2227 988 0 0.000000 0 -nan 0.000000
2228 989 633968 533643285.390209 2316 4.284787 63543.870877
2229 990 2991360 7409466799.172814 6236 5.142369 1480055.085100
2230 991 0 0.000000 0 -nan 0.000000
2236 992 0 0.000000 0 -nan 0.000000
2237 993 32508192 2923324386.934440 80579 4.707360 0.000000
2238 994 0 0.000000 0 -nan 0.000000
2239 995 0 0.000000 0 -nan 0.000000
2245 996 0 0.000000 0 -nan 0.000000
2246 997 3023776 5517686728.713308 6496 5.050221 620726.200956
2247 998 509680 262902165.558682 1818 4.641308 9706.961015
2248 999 0 0.000000 0 -nan 0.000000
2254 1000 2991360 4615192257.590626 6236 4.929702 906907.064069
2255 1001 0 0.000000 0 -nan 0.000000
2256 1002 0 0.000000 0 -nan 0.000000
2257 1003 643248 386655709.215619 2676 4.230117 23376.704873
2263 1004 0 0.000000 0 -nan 0.000000
2264 1005 630592 314277202.673908 1942 4.563376 34735.967312
2265 1006 0 0.000000 0 -nan 0.000000
2266 1007 0 0.000000 0 -nan 0.000000
2272 1008 0 0.000000 0 -nan 0.000000
2273 1009 0 0.000000 0 -nan 0.000000
2274 1010 0 0.000000 0 -nan 0.000000
2275 1011 36259468 3184845480.212132 91917 4.447545 0.000000
2281 1012 0 0.000000 0 -nan 0.000000
2282 1013 628784 329227048.140025 1808 3.938057 28377.314928
2283 1014 0 0.000000 0 -nan 0.000000
2284 1015 0 0.000000 0 -nan 0.000000
2290 1016 0 0.000000 0 -nan 0.000000
2291 1017 761840 528189697.874853 2700 4.300872 39390.169803
2292 1018 32501204 2912361335.491278 80568 5.182181 0.000000
2293 1019 773168 559268616.957613 2812 4.568623 6942.789059
2299 1020 505872 286677867.778648 1538 4.709501 6096.637186
2300 1021 0 0.000000 0 -nan 0.000000
2301 1022 771728 502625137.278961 3086 4.510237 18006.862062
2302 1023 0 0.000000 0 -nan 0.000000
2308 1024 0 0.000000 0 -nan 0.000000
2309 1025 0 0.000000 0 -nan 0.000000
2310 1026 0 0.000000 0 -nan 0.000000
2311 1027 3023776 4324789929.751836 6496 4.768084 730750.372013
2317 1028 0 0.000000 0 -nan 0.000000
2318 1029 2947584 6428200742.261988 5820 4.617162 302179.793527
2319 1030 0 0.000000 0 -nan 0.000000
2320 1031 0 0.000000 0 -nan 0.000000
2326 1032 2991360 4408636139.851447 6236 4.398499 562103.014396
2327 1033 0 0.000000 0 -nan 0.000000
2328 1034 38753880 3590611502.612474 96717 4.190876 0.000000
2329 1035 758992 566389764.987575 2742 5.038078 50090.685122
2335 1036 3023776 7109588003.972917 6496 5.009700 660316.861014
2336 1037 0 0.000000 0 -nan 0.000000
2337 1038 502912 393000155.704887 1472 4.770351 8752.193516
2338 1039 0 0.000000 0 -nan 0.000000
2344 1040 32923360 3377784915.971949 85516 4.357484 23744.947007
2345 1041 3023776 7693398962.699345 6496 4.905806 913223.710421
2346 1042 0 0.000000 0 -nan 0.000000
2347 1043 32064632 2760117701.162884 84608 4.113317 0.000000
2353 1044 504304 299989248.782517 1404 4.513772 37076.900437
2354 1045 2947584 5191327677.702395 5820 4.815952 331514.286377
2355 1046 0 0.000000 0 -nan 0.000000
2356 1047 36240660 3353019322.984398 91839 4.839025 0.000000
2362 1048 0 0.000000 0 -nan 0.000000
2363 1049 0 0.000000 0 -nan 0.000000
2364 1050 0 0.000000 0 -nan 0.000000
2365 1051 0 0.000000 0 -nan 0.000000
2371 1052 763408 530472453.887750 2760 4.664718 33463.825577
2372 1053 0 0.000000 0 -nan 0.000000
2373 1054 0 0.000000 0 -nan 0.000000
2374 1055 379872 163658442.226089 1122 4.614208 4205.542200
