# Format <LP ID> <Terminal ID> <Total sends> <Total Recvs> <Bytes sent> <Bytes recvd> <Send time> <Comm. time> <Compute time>
 APP 2 RANK 61  0 0 28000 24000 32903816 32895816 115268472.692373 123635528.252768 0.000000
 APP 0 RANK 40  1 1 1080 1080 633088 627424 17770940.869022 8662147.439822 0.000000
 APP 0 RANK 186  2 2 784 784 508000 504880 15965376.809800 8686789.063880 0.000000
 APP 1 RANK 9  3 3 728 728 2991360 2991360 135399039.233679 5741029.814883 0.000000
 APP 1 RANK 94  18 8 312 312 2947584 2947584 68858101.150827 6180017.568290 0.000000
 APP 1 RANK 50  20 10 988 988 3023776 3023776 67977075.030369 7629184.369769 0.000000
 APP 0 RANK 169  27 12 1270 1270 764064 762480 21618559.413233 8686171.347459 0.000000
 APP 0 RANK 35  29 14 516 516 376432 378304 6728928.501160 8637442.581532 0.000000
 APP 2 RANK 33  37 17 28000 24000 32931868 32923868 100168270.620350 123630999.378288 0.000000
 APP 1 RANK 32  45 20 728 728 2991360 2991360 61181550.042256 6662013.731570 0.000000
 APP 0 RANK 125  47 22 962 962 636848 631280 17113919.070758 8677070.505744 0.000000
 APP 0 RANK 132  54 24 1168 1168 634896 636192 18046856.621789 8649097.397933 0.000000
 APP 0 RANK 117  57 27 2020 2020 764192 770144 26276249.163031 8702884.481976 0.000000
 APP 2 RANK 91  73 33 28000 28000 36249616 36249616 102504279.898003 123627134.354300 0.000000
 APP 2 RANK 19  75 35 28000 28000 36672956 36672956 101313627.810825 123633321.663234 0.000000
 APP 0 RANK 124  81 36 1284 1284 761312 759584 19806230.681828 8697508.608604 0.000000
 APP 2 RANK 77  82 37 28000 28000 38745084 38745084 111904403.652871 123632983.779221 0.000000
 APP 2 RANK 30  84 39 28000 24000 33762344 33754344 99073872.168663 123630170.493382 0.000000
 APP 2 RANK 32  91 41 28000 32000 39589368 39597368 106607789.888441 123628914.851651 0.000000
 APP 0 RANK 141  92 42 1082 1082 628464 633840 17859117.207514 8663188.897803 0.000000
 APP 1 RANK 33  93 43 728 728 2991360 2991360 94878340.110863 6261361.222696 0.000000
 APP 0 RANK 112  99 44 1132 1132 637584 634800 25573317.302799 8655356.628840 0.000000
 APP 1 RANK 117  100 45 312 312 2947584 2947584 38788663.429195 7506998.101623 0.000000
 APP 1 RANK 39  101 46 988 988 3023776 3023776 97033743.088515 7584925.903084 0.000000
 APP 1 RANK 57  102 47 728 728 2991360 2991360 68030898.879853 7667658.054639 0.000000
 APP 0 RANK 172  109 49 1702 1702 767456 772976 22807020.982988 8707946.982076 0.000000
 APP 0 RANK 199  111 51 1086 1086 637728 640224 16134976.184875 8681390.572669 0.000000
 APP 1 RANK 66  120 55 312 312 2947584 2947584 74368618.364286 5265076.028098 0.000000
 APP 2 RANK 88  126 56 28000 32000 40408496 40416496 111967176.945260 123627037.208941 0.000000
 APP 0 RANK 152  135 60 1064 1064 754272 764784 19059259.785737 8689367.180997 0.000000
 APP 2 RANK 76  137 62 28000 28000 38745076 38745076 106677771.695050 123629622.839957 0.000000
 APP 1 RANK 93  145 65 312 312 2947584 2947584 52762843.850522 6352456.402341 0.000000
 APP 1 RANK 108  153 68 988 988 3023776 3023776 59490008.606420 7889413.111034 0.000000
 APP 1 RANK 90  154 69 728 728 2991360 2991360 57459929.157543 7788075.041693 0.000000
 APP 2 RANK 71  155 70 24000 28000 32502492 32510492 88724719.486980 123621600.770076 0.000000
 APP 2 RANK 27  156 71 28000 28000 38731736 38731736 111088354.700803 123629152.201433 0.000000
 APP 2 RANK 65  163 73 24000 28000 32486276 32494276 104519243.609416 123622303.940059 0.000000
 APP 1 RANK 69  164 74 312 312 2947584 2947584 46254257.575691 5975876.210945 0.000000
 APP 0 RANK 97  180 80 1456 1456 759536 767456 28046768.234794 8705742.438460 0.000000
 APP 1 RANK 21  181 81 728 728 2991360 2991360 64122252.359963 7228912.130657 0.000000
 APP 0 RANK 52  182 82 1508 1508 764976 769008 34295861.026479 8699404.733738 0.000000
 APP 1 RANK 1  190 85 988 988 3023776 3023776 103788519.088381 6225272.492822 0.000000
 APP 1 RANK 91  199 89 728 728 2991360 2991360 59514734.161067 7330674.119570 0.000000
 APP 0 RANK 75  201 91 682 682 631424 621872 21026083.932961 8658113.870842 0.000000
 APP 2 RANK 28  207 92 28000 24000 32499384 32491384 101037214.109611 123631546.001019 0.000000
 APP 1 RANK 12  218 98 728 728 2991360 2991360 46803053.522921 8161749.266994 0.000000
 APP 0 RANK 109  225 100 1266 1266 640096 637120 21383746.525019 8646880.092793 0.000000
 APP 1 RANK 18  227 102 728 728 2991360 2991360 100033740.452028 6787059.252598 0.000000
 APP 0 RANK 25  228 103 674 674 633744 636432 18587099.546306 8666464.141043 0.000000
 APP 0 RANK 134  235 105 1530 1530 769872 767184 23084341.256832 8702289.460682 0.000000
 APP 0 RANK 142  236 106 958 958 630512 629792 14198710.363230 8678908.201503 0.000000
 APP 1 RANK 73  243 108 312 312 2947584 2947584 39430441.112427 7298721.414303 0.000000
 APP 0 RANK 56  253 113 1614 1614 762800 774128 24263500.986634 8695243.408326 0.000000
 APP 0 RANK 104  263 118 1170 1170 635392 630928 15850517.694632 8660585.276236 0.000000
 APP 2 RANK 94  264 119 28000 28000 36649744 36649744 103593742.171727 123627889.314072 0.000000
 APP 1 RANK 13  273 123 728 728 2991360 2991360 80298438.182809 5352685.682956 0.000000
 APP 0 RANK 128  282 127 1086 1086 754992 754464 20890517.409019 8685602.134900 0.000000
 APP 1 RANK 114  288 128 728 728 2991360 2991360 121353930.779764 7351080.089039 0.000000
 APP 2 RANK 73  299 134 28000 24000 32513740 32505740 96033250.427464 123631208.366308 0.000000
 APP 1 RANK 26  307 137 988 988 3023776 3023776 86150347.614373 7055844.119004 0.000000
 APP 0 RANK 110  327 147 882 882 626944 630880 18102264.226078 8655477.304400 0.000000
 APP 2 RANK 20  335 150 28000 24000 32510664 32502664 92196021.992822 123633111.840815 0.000000
 APP 1 RANK 120  336 151 988 988 3023776 3023776 70502472.711465 7481912.745225 0.000000
 APP 2 RANK 2  342 152 28000 28000 38747532 38747532 118452888.641394 123628781.768918 0.000000
 APP 1 RANK 51  344 154 728 728 2991360 2991360 55296881.602675 7683614.030199 0.000000
 APP 1 RANK 124  351 156 1144 1144 3045248 3045248 88926907.496959 7918587.535681 0.000000
 APP 2 RANK 37  352 157 24000 24000 29578180 29578180 89379799.573933 123622815.454615 0.000000
 APP 0 RANK 202  353 158 1612 1612 640704 639600 21119573.264990 8700847.295901 0.000000
 APP 2 RANK 83  360 160 28000 24000 32925712 32917712 101292544.017010 123632590.138014 0.000000
 APP 2 RANK 90  361 161 24000 28000 32488836 32496836 89840224.764057 123619559.374404 0.000000
 APP 1 RANK 58  371 166 988 988 3023776 3023776 116824195.860407 4951918.060641 0.000000
 APP 2 RANK 36  378 168 28000 24000 32926448 32918448 118301190.738989 123633393.671384 0.000000
 APP 0 RANK 149  387 172 748 748 505344 501600 10610843.930386 8665468.121979 0.000000
 APP 0 RANK 159  397 177 1070 1070 763200 758112 15486789.012436 8692882.643514 0.000000
 APP 1 RANK 67  405 180 312 312 2947584 2947584 79068371.727107 4435408.918989 0.000000
 APP 0 RANK 139  407 182 1064 1064 636640 635920 10907510.217914 8664896.350722 0.000000
 APP 2 RANK 62  414 184 24000 24000 29578936 29578936 91296988.918091 123623908.238327 0.000000
 APP 0 RANK 127  415 185 1444 1444 766352 761504 17260444.063386 8695347.932693 0.000000
 APP 0 RANK 214  417 187 576 576 500176 504832 7506469.422155 8686644.276196 0.000000
 APP 0 RANK 71  423 188 704 704 503200 503872 7248137.072526 8632585.677604 0.000000
 APP 0 RANK 70  426 191 884 884 632112 631392 9933414.526087 8719111.845431 0.000000
 APP 0 RANK 46  435 195 998 998 754928 759008 31176159.918838 8715437.304586 0.000000
 APP 0 RANK 187  442 197 1380 1380 636608 637856 25940544.317708 8681762.298641 0.000000
 APP 1 RANK 121  452 202 728 728 2991360 2991360 88844281.929509 7741247.167544 0.000000
 APP 2 RANK 12  459 204 24000 24000 29573788 29573788 91189496.961280 123623923.646519 0.000000
 APP 0 RANK 144  460 205 942 942 510096 503760 20921671.686034 8630231.176082 0.000000
 APP 1 RANK 48  469 209 728 728 2991360 2991360 37538355.402287 8490422.647740 0.000000
 APP 1 RANK 116  470 210 988 988 3023776 3023776 83234886.754893 7642017.992706 0.000000
 APP 1 RANK 7  478 213 988 988 3023776 3023776 91994074.522035 7819417.885730 0.000000
 APP 0 RANK 129  479 214 1474 1474 763632 759936 33064181.266444 8695969.474525 0.000000
 APP 2 RANK 50  480 215 28000 28000 32073480 32073480 88097090.873280 123636140.061562 0.000000
 APP 1 RANK 119  489 219 728 728 2991360 2991360 73013894.357233 8115988.206847 0.000000
 APP 0 RANK 105  495 220 1080 1080 627600 634848 15265450.918429 8681521.562456 0.000000
 APP 2 RANK 14  504 224 28000 24000 32512728 32504728 92278620.446606 123631196.138497 0.000000
 APP 0 RANK 136  506 226 1006 1006 760800 759840 18935224.972003 8696592.420238 0.000000
 APP 2 RANK 31  516 231 24000 24000 27919224 27919224 84429192.271196 123623815.729144 0.000000
 APP 1 RANK 65  534 239 312 312 2947584 2947584 65921289.516853 3050175.451000 0.000000
 APP 0 RANK 102  541 241 822 822 504432 505200 9475077.115044 8636684.558129 0.000000
 APP 0 RANK 189  543 243 682 682 624640 625600 16268489.444829 8698199.419366 0.000000
 APP 0 RANK 48  549 244 858 858 633072 629184 10984470.816405 8647205.771806 0.000000
 APP 0 RANK 174  551 246 644 644 504432 504480 7215738.522204 8639538.469081 0.000000
 APP 0 RANK 43  560 250 1044 1044 757920 762576 16428722.592178 8699146.377901 0.000000
 APP 0 RANK 167  577 257 948 948 629584 631648 13509488.920827 8688994.136851 0.000000
 APP 0 RANK 156  578 258 1096 1096 634208 637280 17211153.242799 8658513.918869 0.000000
 APP 2 RANK 64  579 259 28000 24000 32511148 32503148 96077459.385358 123631532.460198 0.000000
 APP 0 RANK 15  585 260 1042 1042 635520 632544 19900030.927600 8662521.783364 0.000000
 APP 2 RANK 21  587 262 24000 28000 32493036 32501036 85962976.003707 123621283.787199 0.000000
 APP 1 RANK 104  588 263 728 728 2991360 2991360 80630847.256974 6247677.103509 0.000000
 APP 0 RANK 201  595 265 1102 1102 635808 634752 16030594.894568 8662582.648690 0.000000
 APP 0 RANK 135  596 266 1688 1688 763888 770032 23309064.327325 8697858.925274 0.000000
 APP 0 RANK 32  603 268 670 670 502448 501248 12063809.450420 8652421.304388 0.000000
 APP 0 RANK 3  612 272 840 840 510816 505344 14138786.023007 8664831.311881 0.000000
 APP 0 RANK 85  631 281 1702 1702 763456 764992 27952481.437397 8696902.068958 0.000000
 APP 1 RANK 22  632 282 988 988 3023776 3023776 115774478.286954 5616050.438944 0.000000
 APP 1 RANK 31  640 285 728 728 2991360 2991360 58347976.023300 6908252.122482 0.000000
 APP 1 RANK 16  641 286 988 988 3023776 3023776 65906764.041414 7910953.564087 0.000000
 APP 0 RANK 173  651 291 846 846 628224 633456 11903535.055954 8675793.145307 0.000000
 APP 2 RANK 74  659 294 24000 28000 34580544 34588544 90831663.721230 123622255.650015 0.000000
 APP 0 RANK 12  660 295 1026 1026 507040 511216 10144562.110966 8618899.770412 0.000000
 APP 1 RANK 60  667 297 1144 1144 3045248 3045248 149818925.126594 5873278.987162 0.000000
 APP 0 RANK 69  668 298 780 780 627696 630960 11839165.647730 8689505.197541 0.000000
 APP 0 RANK 177  675 300 1448 1448 639376 642640 13922465.923491 8672075.374056 0.000000
 APP 1 RANK 63  677 302 312 312 2947584 2947584 62074775.116545 5382753.026099 0.000000
 APP 2 RANK 68  693 308 24000 28000 33328608 33336608 89713025.540974 123622947.652966 0.000000
 APP 1 RANK 82  694 309 312 312 2947584 2947584 48622927.828714 7646940.922003 0.000000
 APP 0 RANK 209  713 318 606 606 507216 505296 8518212.960282 8695960.887797 0.000000
 APP 0 RANK 7  714 319 790 790 629648 623648 11243117.676599 8670090.804406 0.000000
 APP 0 RANK 164  720 320 1762 1762 769920 774192 27251030.028949 8696778.588210 0.000000
 APP 1 RANK 6  722 322 988 988 3023776 3023776 103999401.571035 5947704.125077 0.000000
 APP 0 RANK 20  730 325 1058 1058 637728 632304 16304735.337967 8674610.418418 0.000000
 APP 2 RANK 8  738 328 28000 24000 32924208 32916208 97908549.393222 123634234.611499 0.000000
 APP 0 RANK 53  749 334 704 704 623760 625344 12978787.627255 8660091.109068 0.000000
 APP 1 RANK 71  758 338 312 312 2947584 2947584 47305361.002250 5728387.682993 0.000000
 APP 0 RANK 44  759 339 1010 1010 763248 761664 25635031.232954 8706956.607791 0.000000
 APP 0 RANK 107  765 340 736 736 504896 505472 13101521.964139 8668424.741723 0.000000
 APP 2 RANK 35  766 341 28000 28000 36670540 36670540 110373556.867633 123630128.327496 0.000000
 APP 1 RANK 52  767 342 988 988 3023776 3023776 132419695.331994 5189572.139026 0.000000
 APP 0 RANK 188  776 346 690 690 625216 626992 14882424.191388 8676839.492306 0.000000
 APP 0 RANK 171  777 347 980 980 753952 755872 16726215.260099 8687025.636642 0.000000
 APP 1 RANK 55  783 348 988 988 3023776 3023776 107002501.441109 5898397.836452 0.000000
 APP 2 RANK 15  785 350 24000 28000 32515708 32523708 97495431.450482 123620162.311296 0.000000
 APP 0 RANK 155  793 353 732 732 634656 634608 17078521.446922 8699293.552267 0.000000
 APP 1 RANK 78  801 356 312 312 2947584 2947584 41809679.737558 7948790.985559 0.000000
 APP 1 RANK 29  802 357 728 728 2991360 2991360 66669937.163327 8017123.026465 0.000000
 APP 2 RANK 96  803 358 24000 28000 32497608 32505608 88968564.627840 123619614.201868 0.000000
 APP 0 RANK 138  810 360 774 774 507168 509328 10687712.098707 8646331.827940 0.000000
 APP 0 RANK 176  820 365 1394 1394 646064 640832 20664317.086002 8653183.913804 0.000000
 APP 1 RANK 107  822 367 728 728 2991360 2991360 111573320.463757 6157829.016255 0.000000
 APP 0 RANK 165  828 368 1684 1684 764032 766672 25347284.345881 8692535.288888 0.000000
 APP 0 RANK 145  830 370 754 754 622736 619376 19988462.317688 8660956.342350 0.000000
 APP 0 RANK 122  840 375 1114 1114 760736 755984 25563693.676206 8705462.840414 0.000000
 APP 0 RANK 178  846 376 1090 1090 632064 636576 20090132.383777 8659916.790431 0.000000
 APP 1 RANK 102  849 379 728 728 2991360 2991360 43707971.130237 8111861.404735 0.000000
 APP 1 RANK 46  857 382 728 728 2991360 2991360 61923763.846816 6919710.983742 0.000000
 APP 1 RANK 87  867 387 728 728 2991360 2991360 75186221.050234 7076946.283762 0.000000
 APP 1 RANK 122  876 391 988 988 3023776 3023776 89428035.062531 7628560.422404 0.000000
 APP 2 RANK 97  882 392 28000 28000 36236440 36236440 103950056.042695 123630063.988007 0.000000
 APP 0 RANK 191  883 393 728 728 501328 505264 12514913.268367 8736864.032113 0.000000
 APP 2 RANK 87  884 394 24000 24000 29579992 29579992 92882684.822426 123622787.911338 0.000000
 APP 0 RANK 121  885 395 1494 1494 762304 756544 27740131.564125 8680855.733500 0.000000
 APP 0 RANK 67  891 396 670 670 625856 634496 16947490.566556 8679180.085975 0.000000
 APP 2 RANK 56  894 399 24000 24000 27921168 27921168 89641765.572896 123626107.926878 0.000000
 APP 0 RANK 83  901 401 1078 1078 633808 634048 15897544.840194 8683248.164103 0.000000
 APP 0 RANK 183  903 403 1032 1032 513760 510208 14054325.399382 8659174.210637 0.000000
 APP 1 RANK 61  918 408 312 312 2947584 2947584 48550808.142082 7533620.335691 0.000000
 APP 1 RANK 20  919 409 988 988 3023776 3023776 73489962.287326 8120083.179688 0.000000
 APP 1 RANK 95  920 410 312 312 2947584 2947584 38989381.148608 8451319.956139 0.000000
 APP 1 RANK 115  921 411 988 988 3023776 3023776 58910958.366608 8467680.001760 0.000000
 APP 1 RANK 4  927 412 1144 1144 3045248 3045248 121067580.988789 7013752.388359 0.000000
 APP 0 RANK 37  929 414 1008 1008 624176 633488 17616108.933109 8661907.768094 0.000000
 APP 0 RANK 195  938 418 1156 1156 639328 635680 18632519.391084 8676559.277461 0.000000
 APP 0 RANK 161  946 421 1002 1002 632368 633280 20565987.015188 8692422.930936 0.000000
 APP 1 RANK 70  947 422 728 728 2991360 2991360 73968973.223154 7592055.074025 0.000000
 APP 2 RANK 69  948 423 28000 28000 36652080 36652080 102799345.581257 123628917.195543 0.000000
 APP 0 RANK 5  956 426 386 386 376528 373792 9347155.839951 8626323.414797 0.000000
 APP 2 RANK 3  957 427 28000 24000 32501596 32493596 97248074.673098 123631045.505916 0.000000
 APP 2 RANK 85  963 428 28000 28000 36667220 36667220 109031989.104648 123628676.539073 0.000000
 APP 0 RANK 184  965 430 778 778 507072 502992 19253959.432829 8678324.984224 0.000000
 APP 0 RANK 194  972 432 972 972 633456 631440 15636977.881858 8703258.510264 0.000000
 APP 0 RANK 133  974 434 1854 1854 761120 771488 26561644.547218 8703763.856791 0.000000
 APP 1 RANK 72  981 436 728 728 2991360 2991360 27364536.490614 9018800.908143 0.000000
 APP 0 RANK 197  982 437 884 884 509120 511712 21190083.169036 8683984.834654 0.000000
 APP 2 RANK 78  984 439 28000 24000 32506812 32498812 98974318.631848 123631874.318351 0.000000
 APP 1 RANK 101  991 441 312 312 2947584 2947584 58261234.765376 5054146.420056 0.000000
 APP 0 RANK 2  993 443 566 566 503792 501008 12393657.738279 8654323.302730 0.000000
 APP 1 RANK 81  1001 446 312 312 2947584 2947584 44024053.285330 6249183.596676 0.000000
 APP 1 RANK 106  1010 450 988 988 3023776 3023776 129115471.402429 6540576.383713 0.000000
 APP 0 RANK 158  1019 454 1540 1540 765264 764496 25224593.087837 8674784.055172 0.000000
 APP 0 RANK 26  1020 455 1028 1028 634352 630848 20969767.370797 8665536.184167 0.000000
 APP 0 RANK 65  1035 460 1130 1130 629584 637984 14164271.533283 8712778.475367 0.000000
 APP 0 RANK 92  1037 462 1722 1722 764720 766832 27724375.884717 8708689.601645 0.000000
 APP 0 RANK 200  1046 466 1188 1188 639888 638736 19017332.287864 8691964.360279 0.000000
 APP 0 RANK 51  1047 467 1096 1096 759184 767632 26538336.156937 8708628.400936 0.000000
 APP 1 RANK 97  1055 470 728 728 2991360 2991360 86861438.424050 7853052.386798 0.000000
 APP 1 RANK 112  1062 472 728 728 2991360 2991360 72282506.349408 6246021.286302 0.000000
 APP 1 RANK 23  1063 473 988 988 3023776 3023776 147941056.279964 6265636.856813 0.000000
 APP 0 RANK 210  1089 484 464 464 377376 377184 4296154.827846 8607904.646160 0.000000
 APP 0 RANK 160  1090 485 1070 1070 762960 761328 19429873.035422 8726311.586706 0.000000
 APP 2 RANK 89  1092 487 28000 24000 32501152 32493152 92512691.867575 123630513.278719 0.000000
 APP 0 RANK 74  1108 493 1194 1194 637120 634864 19912617.796726 8670044.225287 0.000000
 APP 0 RANK 24  1109 494 664 664 502160 501872 13182598.947203 8621547.768399 0.000000
 APP 1 RANK 64  1110 495 312 312 2947584 2947584 82016760.998630 6586660.107244 0.000000
 APP 1 RANK 75  1116 496 312 312 2947584 2947584 40868378.244561 7255949.085721 0.000000
 APP 0 RANK 99  1118 498 1584 1584 773504 767936 23788602.409414 8702443.394623 0.000000
 APP 0 RANK 30  1119 499 646 646 382720 379504 10389406.875664 8607558.547425 0.000000
 APP 2 RANK 54  1125 500 28000 32000 39172064 39180064 113491373.446837 123631377.858509 0.000000
 APP 1 RANK 79  1127 502 728 728 2991360 2991360 111157483.588783 5365197.632488 0.000000
 APP 0 RANK 8  1128 503 1194 1194 641632 640528 19344347.656269 8671435.557104 0.000000
 APP 0 RANK 204  1145 510 934 934 504896 508400 8426876.245102 8626804.253987 0.000000
 APP 2 RANK 79  1146 511 28000 32000 39157496 39165496 112832708.752179 123627884.980194 0.000000
 APP 1 RANK 98  1152 512 728 728 2991360 2991360 100904425.014726 6420482.911716 0.000000
 APP 2 RANK 99  1153 513 24000 28000 34541172 34549172 89976389.501323 123621958.467608 0.000000
 APP 0 RANK 208  1155 515 970 970 635776 635968 12063701.912652 8701451.211699 0.000000
 APP 0 RANK 41  1161 516 804 804 508528 507328 13100878.027305 8626230.078061 0.000000
 APP 0 RANK 140  1170 520 676 676 622560 624000 12344547.633002 8700050.179565 0.000000
 APP 2 RANK 6  1173 523 24000 24000 27933140 27933140 93037795.141481 123623549.544307 0.000000
 APP 2 RANK 63  1179 524 28000 32000 40420396 40428396 113190065.352048 123628708.733257 0.000000
 APP 2 RANK 9  1180 525 24000 28000 32912828 32920828 89849690.013142 123621102.557602 0.000000
 APP 0 RANK 163  1181 526 972 972 751936 758272 14866546.721143 8669757.321500 0.000000
 APP 2 RANK 10  1182 527 28000 28000 36667572 36667572 105148067.312071 123631703.888087 0.000000
 APP 2 RANK 42  1190 530 28000 24000 32512212 32504212 105303258.186454 123629718.505457 0.000000
 APP 0 RANK 11  1197 532 528 528 502080 502656 12127053.420737 8635074.577597 0.000000
 APP 0 RANK 54  1198 533 708 708 631088 630992 13624839.059115 8657661.627980 0.000000
 APP 2 RANK 40  1199 534 24000 28000 32489604 32497604 88784543.455312 123620311.729623 0.000000
 APP 0 RANK 4  1209 539 464 464 506304 496032 12554327.216724 8632476.133172 0.000000
 APP 1 RANK 96  1217 542 312 312 2947584 2947584 53313326.380256 6515982.222092 0.000000
 APP 1 RANK 27  1218 543 988 988 3023776 3023776 109820407.179064 5716717.583743 0.000000
 APP 1 RANK 68  1224 544 312 312 2947584 2947584 43809425.258462 4988115.188114 0.000000
 APP 1 RANK 11  1233 548 728 728 2991360 2991360 79929244.321242 5499916.976086 0.000000
 APP 0 RANK 115  1234 549 1482 1482 762320 770384 21097754.234192 8703706.984989 0.000000
 APP 0 RANK 203  1242 552 694 694 506704 504256 11556450.359829 8716530.922627 0.000000
 APP 1 RANK 47  1251 556 728 728 2991360 2991360 98851046.307194 5577122.010262 0.000000
 APP 2 RANK 51  1260 560 28000 28000 38736336 38736336 106468917.569402 123634054.263649 0.000000
 APP 0 RANK 82  1261 561 1544 1544 769936 772144 27961061.994248 8695260.599028 0.000000
 APP 0 RANK 61  1270 565 954 954 760448 760688 19204068.994375 8694053.226120 0.000000
 APP 1 RANK 62  1278 568 312 312 2947584 2947584 53770424.403199 6582600.033919 0.000000
 APP 0 RANK 59  1288 573 1214 1214 640496 637136 16031096.994356 8665484.492349 0.000000
 APP 2 RANK 95  1289 574 28000 24000 32494248 32486248 97562041.956233 123630959.539858 0.000000
 APP 0 RANK 34  1290 575 676 676 505280 507824 8514421.822579 8687894.682390 0.000000
 APP 1 RANK 123  1296 576 988 988 3023776 3023776 139722905.017236 3880640.955277 0.000000
 APP 0 RANK 57  1299 579 1642 1642 774336 767760 21549686.267453 8712544.898712 0.000000
 APP 0 RANK 168  1307 582 954 954 636928 635248 13982195.933740 8655006.519788 0.000000
 APP 1 RANK 35  1308 583 728 728 2991360 2991360 73634824.007462 4103510.302942 0.000000
 APP 0 RANK 205  1317 587 896 896 633104 633152 13409121.390201 8653157.767604 0.000000
 APP 0 RANK 162  1324 589 736 736 629648 627632 11999297.548363 8638314.123613 0.000000
 APP 0 RANK 193  1332 592 1064 1064 630992 636752 14918992.427282 8650235.759330 0.000000
 APP 0 RANK 113  1333 593 496 496 503952 498384 11639329.986182 8640020.905186 0.000000
 APP 0 RANK 120  1334 594 1318 1318 641840 636224 21135861.652230 8647701.577598 0.000000
 APP 0 RANK 47  1335 595 1016 1016 634240 635488 17737779.540203 8656444.287788 0.000000
 APP 0 RANK 91  1352 602 1666 1666 772480 776464 20016319.655869 8691517.769476 0.000000
 APP 0 RANK 68  1353 603 1562 1562 647200 639568 17777598.502088 8679433.296262 0.000000
 APP 2 RANK 43  1361 606 24000 28000 33330416 33338416 92314475.916996 123621198.808735 0.000000
 APP 1 RANK 49  1371 611 728 728 2991360 2991360 90793046.457353 3477615.715699 0.000000
 APP 2 RANK 57  1377 612 28000 32000 39571236 39579236 111398720.277248 123632333.254096 0.000000
 APP 2 RANK 24  1378 613 24000 28000 34574828 34582828 94233181.465918 123622842.524683 0.000000
 APP 0 RANK 89  1379 614 1390 1390 643456 643168 23946099.264753 8667927.354634 0.000000
 APP 0 RANK 64  1380 615 1752 1752 771520 770080 23885307.916874 8709043.448992 0.000000
 APP 0 RANK 9  1386 616 1010 1010 628592 629120 18126579.231662 8680026.013202 0.000000
 APP 1 RANK 99  1388 618 728 728 2991360 2991360 117679186.933057 4369852.059651 0.000000
 APP 0 RANK 157  1396 621 1082 1082 768768 762288 20833811.533807 8679395.815943 0.000000
 APP 0 RANK 66  1406 626 718 718 503712 504912 12655113.348082 8641175.371517 0.000000
 APP 2 RANK 52  1413 628 28000 28000 38740296 38740296 114937918.711212 123634583.664033 0.000000
 APP 0 RANK 119  1415 630 854 854 633344 631952 17555564.486974 8683481.562224 0.000000
 APP 0 RANK 63  1422 632 1066 1066 761504 762656 22473700.154786 8698912.537136 0.000000
 APP 2 RANK 86  1433 638 28000 24000 32913384 32905384 113546809.266150 123633786.836551 0.000000
 APP 0 RANK 98  1434 639 1050 1050 757648 756352 19196696.767246 8689637.300946 0.000000
 APP 0 RANK 27  1442 642 1236 1236 639520 637600 19325966.109504 8670642.584873 0.000000
 APP 2 RANK 13  1449 644 28000 32000 40403528 40411528 112494682.413909 123627813.576820 0.000000
 APP 0 RANK 72  1451 646 848 848 512208 506160 14312979.611891 8614276.192006 0.000000
 APP 1 RANK 56  1458 648 988 988 3023776 3023776 86930491.818937 7840252.424574 0.000000
 APP 2 RANK 92  1459 649 28000 24000 32511208 32503208 101790439.542260 123630340.656029 0.000000
 APP 0 RANK 14  1468 653 1066 1066 637216 633856 17523420.918483 8663161.239828 0.000000
 APP 0 RANK 181  1469 654 654 654 503696 504848 12404888.456770 8642249.521752 0.000000
 APP 1 RANK 86  1478 658 728 728 2991360 2991360 90440460.078796 7191251.413806 0.000000
 APP 0 RANK 100  1479 659 1012 1012 752656 757504 25830121.768820 8728417.312505 0.000000
 APP 2 RANK 93  1486 661 24000 28000 33332156 33340156 89995458.170738 123620918.989117 0.000000
 APP 0 RANK 118  1488 663 1038 1038 756176 758672 22792967.568264 8697300.282038 0.000000
 APP 1 RANK 45  1496 666 728 728 2991360 2991360 52155040.100464 7328328.195401 0.000000
 APP 1 RANK 0  1497 667 1144 1144 3045248 3045248 80311925.635244 7807530.197955 0.000000
 APP 0 RANK 180  1503 668 654 654 386480 380576 9409752.612435 8635878.173062 0.000000
 APP 2 RANK 72  1506 671 28000 28000 36243032 36243032 102825918.291853 123628001.388078 0.000000
 APP 0 RANK 190  1512 672 1206 1206 640240 635248 14660295.013307 8722084.406437 0.000000
 APP 1 RANK 89  1513 673 312 312 2947584 2947584 57813059.606543 6491577.326075 0.000000
 APP 0 RANK 137  1522 677 1182 1182 634784 635504 12491818.413829 8680850.344135 0.000000
 APP 0 RANK 185  1539 684 726 726 379568 380288 10838633.842984 8647470.503481 0.000000
 APP 1 RANK 14  1540 685 988 988 3023776 3023776 113775184.322507 6814406.080325 0.000000
 APP 1 RANK 28  1541 686 1144 1144 3045248 3045248 124459244.115464 6638175.207825 0.000000
 APP 1 RANK 42  1542 687 988 988 3023776 3023776 80253214.690283 6860219.917052 0.000000
 APP 2 RANK 60  1548 688 28000 28000 36652636 36652636 101349437.822030 123632083.674189 0.000000
 APP 0 RANK 93  1549 689 1458 1458 764800 769120 20517533.055127 8696867.712033 0.000000
 APP 0 RANK 73  1551 691 1212 1212 630768 630672 15248819.435011 8674819.512717 0.000000
 APP 2 RANK 38  1560 695 28000 32000 40395288 40403288 108725466.245075 123627334.520601 0.000000
 APP 0 RANK 198  1569 699 950 950 506496 506832 9201847.780922 8632943.129751 0.000000
 APP 0 RANK 39  1575 700 726 726 627344 625760 16040647.697589 8683428.210502 0.000000
 APP 0 RANK 150  1584 704 904 904 632336 626816 24041545.556499 8652911.167519 0.000000
 APP 2 RANK 82  1586 706 28000 32000 39590796 39598796 111880348.467164 123629460.039958 0.000000
 APP 0 RANK 153  1587 707 1022 1022 759280 756832 22710668.849085 8689016.772243 0.000000
 APP 0 RANK 116  1594 709 1732 1732 776432 773456 28710587.463498 8695232.316152 0.000000
 APP 2 RANK 11  1595 710 28000 24000 32918660 32910660 109488650.420095 123635037.350787 0.000000
 APP 1 RANK 113  1605 715 728 728 2991360 2991360 101502968.667627 6738140.984647 0.000000
 APP 1 RANK 5  1611 716 988 988 3023776 3023776 120242520.139224 7121355.232115 0.000000
 APP 0 RANK 23  1613 718 740 740 503136 503376 13121173.230202 8634535.626298 0.000000
 APP 2 RANK 44  1614 719 28000 28000 36664632 36664632 104606439.242685 123627932.178418 0.000000
 APP 1 RANK 34  1620 720 988 988 3023776 3023776 50286574.915088 8568701.546020 0.000000
 APP 1 RANK 100  1621 721 728 728 2991360 2991360 62328594.252283 7679557.612666 0.000000
 APP 2 RANK 4  1623 723 28000 32000 39170140 39178140 112136747.812418 123627511.977074 0.000000
 APP 0 RANK 111  1632 727 884 884 630400 625072 18465880.152875 8669956.542144 0.000000
 APP 1 RANK 41  1656 736 728 728 2991360 2991360 46487191.003159 8175001.842387 0.000000
 APP 0 RANK 84  1658 738 1054 1054 632272 636880 24904004.970893 8648772.976641 0.000000
 APP 1 RANK 80  1659 739 728 728 2991360 2991360 73190816.362325 7546426.851281 0.000000
 APP 0 RANK 196  1665 740 788 788 623344 629008 14866446.751995 8731508.247350 0.000000
 APP 0 RANK 58  1666 741 1346 1346 758496 760512 19268854.935768 8697440.116766 0.000000
 APP 1 RANK 110  1674 744 312 312 2947584 2947584 45429634.611226 6680354.075438 0.000000
 APP 1 RANK 43  1683 748 988 988 3023776 3023776 63484433.621368 7039114.740268 0.000000
 APP 0 RANK 182  1686 751 734 734 505232 506288 14811116.450731 8664012.514292 0.000000
 APP 2 RANK 81  1693 753 24000 24000 27913272 27913272 98580737.719225 123622749.521410 0.000000
 APP 0 RANK 36  1695 755 650 650 506832 500784 16087128.324517 8620913.279552 0.000000
 APP 1 RANK 8  1701 756 1144 1144 3045248 3045248 79831945.385531 7770134.085224 0.000000
 APP 1 RANK 54  1702 757 728 728 2991360 2991360 68764824.090902 7652701.755434 0.000000
 APP 2 RANK 25  1711 761 28000 28000 32086876 32086876 93554909.033265 123632395.460849 0.000000
 APP 0 RANK 103  1713 763 724 724 630896 630752 14012482.882302 8671634.405774 0.000000
 APP 1 RANK 2  1720 765 988 988 3023776 3023776 98741290.618589 6417601.755680 0.000000
 APP 0 RANK 146  1721 766 1178 1178 634096 629584 20331396.788823 8660922.828987 0.000000
 APP 0 RANK 21  1722 767 708 708 633792 628800 17109625.028645 8677223.129783 0.000000
 APP 0 RANK 170  1748 778 1506 1506 759744 761376 18355792.158079 8716841.441308 0.000000
 APP 1 RANK 83  1749 779 728 728 2991360 2991360 74066168.690604 5340741.430221 0.000000
 APP 2 RANK 48  1765 785 28000 24000 32497448 32489448 95456772.343228 123630654.836901 0.000000
 APP 1 RANK 40  1766 786 988 988 3023776 3023776 133089639.983453 5463894.459457 0.000000
 APP 1 RANK 92  1775 790 988 988 3023776 3023776 105820943.959557 4648641.776626 0.000000
 APP 2 RANK 46  1785 795 24000 28000 32504656 32512656 89431167.072577 123622304.964766 0.000000
 APP 0 RANK 76  1791 796 944 944 628368 629616 16943720.638935 8686355.918140 0.000000
 APP 0 RANK 13  1792 797 1004 1004 633712 637312 17821640.982916 8678653.022239 0.000000
 APP 0 RANK 206  1793 798 1174 1174 626864 633632 15012440.009801 8669202.349650 0.000000
 APP 0 RANK 1  1794 799 832 832 502384 506272 10766198.996445 8641100.015011 0.000000
 APP 2 RANK 98  1827 812 28000 24000 32480632 32472632 97054364.553413 123632985.109973 0.000000
 APP 1 RANK 105  1837 817 728 728 2991360 2991360 81204341.921270 6274104.347701 0.000000
 APP 2 RANK 22  1846 821 28000 28000 36248328 36248328 104453376.447018 123630938.737002 0.000000
 APP 2 RANK 55  1848 823 28000 24000 33734884 33726884 107123080.885866 123633659.564578 0.000000
 APP 1 RANK 53  1854 824 728 728 2991360 2991360 72941551.601615 6956507.888156 0.000000
 APP 0 RANK 96  1856 826 992 992 636784 632080 20435542.572297 8660643.964914 0.000000
 APP 0 RANK 6  1857 827 654 654 509232 503040 18577473.232695 8617811.048855 0.000000
 APP 0 RANK 106  1864 829 1034 1034 628688 630656 21045371.470055 8664315.665428 0.000000
 APP 1 RANK 24  1865 830 1144 1144 3045248 3045248 142484823.629203 6201939.455789 0.000000
 APP 2 RANK 59  1872 832 24000 28000 32901292 32909292 90358936.598186 123623719.996408 0.000000
 APP 0 RANK 130  1881 836 1666 1666 765712 766912 16051247.125647 8699568.422903 0.000000
 APP 2 RANK 45  1890 840 28000 24000 32512460 32504460 96219756.795623 123631134.281882 0.000000
 APP 0 RANK 50  1892 842 1036 1036 756224 760544 11981347.463952 8716188.161746 0.000000
 APP 2 RANK 70  1893 843 28000 24000 32513128 32505128 93890425.613713 123632086.240726 0.000000
 APP 2 RANK 26  1899 844 28000 28000 38747032 38747032 104299891.176514 123630019.731442 0.000000
 APP 0 RANK 33  1901 846 794 794 508528 506320 10170279.744051 8632194.115388 0.000000
 APP 0 RANK 211  1910 850 736 736 501488 503840 5256433.761486 8646989.545084 0.000000
 APP 0 RANK 86  1911 851 1096 1096 769744 758848 14629276.659231 8701154.117865 0.000000
 APP 0 RANK 108  1918 853 748 748 505968 506112 10778756.688514 8617333.394096 0.000000
 APP 0 RANK 213  1919 854 776 776 501200 504656 7160290.157053 8666351.506840 0.000000
 APP 0 RANK 18  1920 855 756 756 510544 505744 9899747.666668 8634965.148732 0.000000
 APP 0 RANK 60  1927 857 926 926 635488 636784 11775352.610226 8657146.981362 0.000000
 APP 2 RANK 18  1929 859 24000 28000 33333032 33341032 90899637.994957 123621995.226831 0.000000
 APP 2 RANK 53  1938 863 28000 24000 32496240 32488240 94814957.063743 123637050.831998 0.000000
 APP 1 RANK 10  1945 865 728 728 2991360 2991360 79348434.149626 5998011.370374 0.000000
 APP 0 RANK 38  1953 868 886 886 634528 627184 17604880.602999 8658551.451507 0.000000
 APP 2 RANK 75  1954 869 28000 28000 32073304 32073304 88406589.891997 123631483.836201 0.000000
 APP 0 RANK 166  1972 877 1410 1410 760896 762960 20276145.017917 8692104.712475 0.000000
 APP 0 RANK 147  1974 879 682 682 628752 626448 16520524.753550 8657808.821016 0.000000
 APP 2 RANK 23  1980 880 28000 24000 32512220 32504220 99143145.519630 123634387.627326 0.000000
 APP 2 RANK 34  1982 882 24000 28000 32917724 32925724 92491161.006064 123620794.789201 0.000000
 APP 1 RANK 76  1983 883 728 728 2991360 2991360 88963573.049534 5616522.221951 0.000000
 APP 0 RANK 101  1989 884 1028 1028 637200 636000 14160451.942238 8674534.023910 0.000000
 APP 0 RANK 154  1990 885 1392 1392 762240 769488 23014478.334425 8729917.537384 0.000000
 APP 0 RANK 79  1991 886 968 968 758752 756064 23007250.639007 8705866.384797 0.000000
 APP 0 RANK 0  2001 891 478 478 379712 374336 7448510.756728 8632421.021072 0.000000
 APP 2 RANK 58  2007 892 28000 24000 32913348 32905348 98541991.300112 123635484.442763 0.000000
 APP 0 RANK 87  2008 893 1548 1548 765776 767888 20821549.395499 8722965.015365 0.000000
 APP 1 RANK 19  2019 899 988 988 3023776 3023776 102256737.211029 5689690.056697 0.000000
 APP 2 RANK 66  2026 901 28000 28000 36263460 36263460 105561274.548877 123629186.884318 0.000000
 APP 2 RANK 80  2034 904 28000 24000 33753704 33745704 103795510.096418 123631320.721664 0.000000
 APP 1 RANK 25  2036 906 988 988 3023776 3023776 91770672.079730 7804957.876689 0.000000
 APP 1 RANK 109  2037 907 312 312 2947584 2947584 40859835.686600 8050672.265353 0.000000
 APP 2 RANK 29  2044 909 28000 32000 39165636 39173636 110595212.836997 123627517.204324 0.000000
 APP 0 RANK 31  2045 910 768 768 502352 507968 12199467.735913 8662387.813938 0.000000
 APP 0 RANK 42  2054 914 996 996 631104 633792 17155106.941494 8658074.533859 0.000000
 APP 1 RANK 30  2062 917 728 728 2991360 2991360 42340061.805268 7930255.248742 0.000000
 APP 0 RANK 45  2063 918 1952 1952 772496 774320 33416970.021158 8722484.332801 0.000000
 APP 1 RANK 15  2064 919 728 728 2991360 2991360 92393237.667189 6937591.143948 0.000000
 APP 0 RANK 192  2071 921 722 722 504384 505824 12302224.574709 8631105.533036 0.000000
 APP 0 RANK 212  2072 922 866 866 503504 507824 13265392.021468 8652185.059108 0.000000
 APP 2 RANK 5  2073 923 28000 24000 33759788 33751788 104152083.090380 123630385.354552 0.000000
 APP 0 RANK 77  2080 925 602 602 504448 501568 10587575.695132 8634260.864827 0.000000
 APP 0 RANK 207  2091 931 804 804 630752 631856 10993034.586836 8676266.988516 0.000000
 APP 2 RANK 17  2109 939 28000 24000 32512832 32504832 109664993.254232 123631062.543897 0.000000
 APP 1 RANK 84  2115 940 728 728 2991360 2991360 48710986.224056 7319561.542953 0.000000
 APP 0 RANK 88  2116 941 1014 1014 752480 756128 17354841.050086 8704841.186517 0.000000
 APP 2 RANK 41  2124 944 28000 28000 36249024 36249024 102928091.040052 123626839.217363 0.000000
 APP 0 RANK 80  2125 945 1024 1024 757440 759024 18083825.891407 8723373.102431 0.000000
 APP 0 RANK 22  2127 947 1132 1132 633472 636928 16551098.851496 8673371.190751 0.000000
 APP 1 RANK 44  2134 949 1144 1144 3045248 3045248 154306449.497638 5143294.751972 0.000000
 APP 1 RANK 111  2135 950 728 728 2991360 2991360 81431067.370412 6263420.841442 0.000000
 APP 0 RANK 19  2136 951 1224 1224 637680 635664 16730695.420571 8652823.531047 0.000000
 APP 2 RANK 49  2142 952 24000 28000 34559788 34567788 91611944.198615 123621555.349321 0.000000
 APP 1 RANK 38  2151 956 728 728 2991360 2991360 59917620.472794 6846886.924171 0.000000
 APP 0 RANK 114  2153 958 668 668 625664 621584 15153752.898474 8670071.468616 0.000000
 APP 0 RANK 10  2154 959 956 956 630464 627536 18083076.728121 8660831.054095 0.000000
 APP 1 RANK 74  2160 960 728 728 2991360 2991360 75390245.139196 6790883.342325 0.000000
 APP 0 RANK 16  2162 962 978 978 631728 633312 20390769.111243 8672491.741318 0.000000
 APP 0 RANK 28  2170 965 878 878 636640 630160 17446939.833092 8663390.494831 0.000000
 APP 2 RANK 7  2171 966 28000 32000 39588272 39596272 108979737.771763 123630752.523976 0.000000
 APP 0 RANK 95  2172 967 740 740 628560 629424 16410110.257848 8674196.649679 0.000000
 APP 0 RANK 148  2178 968 930 930 627856 633328 15159795.100337 8697338.091796 0.000000
 APP 1 RANK 85  2187 972 312 312 2947584 2947584 76593331.846191 7217512.702267 0.000000
 APP 0 RANK 81  2190 975 1454 1454 762912 764400 34379539.701768 8717098.853231 0.000000
 APP 0 RANK 78  2196 976 942 942 634640 632528 18435882.323493 8684786.955722 0.000000
 APP 0 RANK 55  2215 985 1344 1344 765184 764800 25160043.476366 8705694.261299 0.000000
 APP 0 RANK 131  2224 989 1270 1270 636032 633968 25866875.156357 8682871.349890 0.000000
 APP 1 RANK 37  2225 990 728 728 2991360 2991360 85819528.054985 6604770.715989 0.000000
 APP 2 RANK 67  2233 993 28000 24000 32516192 32508192 108168349.684682 123632637.645224 0.000000
 APP 1 RANK 36  2242 997 988 988 3023776 3023776 108957356.768357 4845894.285207 0.000000
 APP 0 RANK 179  2243 998 964 964 511216 509680 7948721.202153 8646717.517086 0.000000
 APP 1 RANK 118  2250 1000 728 728 2991360 2991360 116472310.605498 5096577.524469 0.000000
 APP 0 RANK 90  2253 1003 1628 1628 639792 643248 18216696.705843 8664701.310327 0.000000
 APP 0 RANK 175  2260 1005 898 898 629008 630592 11585041.489554 8647886.889453 0.000000
 APP 2 RANK 16  2271 1011 28000 28000 36259468 36259468 101801262.102307 123627773.033665 0.000000
 APP 0 RANK 126  2278 1013 772 772 632336 628784 13702464.614633 8651876.008148 0.000000
 APP 0 RANK 62  2287 1017 1460 1460 760976 761840 24814863.017037 8701036.014516 0.000000
 APP 2 RANK 39  2288 1018 28000 24000 32509204 32501204 95605929.929411 123630698.132399 0.000000
 APP 0 RANK 151  2289 1019 1574 1574 765968 773168 22811864.064344 8686146.557924 0.000000
 APP 0 RANK 29  2295 1020 690 690 509184 505872 11352334.985529 8690130.638083 0.000000
 APP 0 RANK 49  2297 1022 1852 1852 770576 771728 21915771.818962 8693504.214568 0.000000
 APP 1 RANK 88  2307 1027 988 988 3023776 3023776 90085496.148605 7436741.858674 0.000000
 APP 1 RANK 77  2314 1029 312 312 2947584 2947584 32614246.252396 8537370.058994 0.000000
 APP 1 RANK 17  2322 1032 728 728 2991360 2991360 63195543.744262 7292280.009912 0.000000
 APP 2 RANK 1  2324 1034 28000 28000 38753880 38753880 112265380.458907 123628768.251554 0.000000
 APP 0 RANK 123  2325 1035 1504 1504 760528 758992 36249571.165052 8704453.568192 0.000000
 APP 1 RANK 59  2331 1036 988 988 3023776 3023776 137446216.734472 6038776.977687 0.000000
 APP 0 RANK 17  2333 1038 628 628 509008 502912 19373869.851884 8661361.015270 0.000000
 APP 2 RANK 84  2340 1040 24000 28000 32915360 32923360 91039939.477882 123620470.087458 0.000000
 APP 1 RANK 3  2341 1041 988 988 3023776 3023776 77238445.283696 7316749.634403 0.000000
 APP 2 RANK 0  2343 1043 28000 28000 32064632 32064632 92205934.226937 123631439.733333 0.000000
 APP 0 RANK 143  2349 1044 544 544 503920 504304 11487642.077758 8651655.964200 0.000000
 APP 1 RANK 103  2350 1045 312 312 2947584 2947584 68315085.223068 6124189.878483 0.000000
 APP 2 RANK 47  2352 1047 28000 28000 36240660 36240660 102704354.771849 123627376.702560 0.000000
 APP 0 RANK 94  2367 1052 1538 1538 762832 763408 24989850.113351 8696683.772625 0.000000
 APP 0 RANK 215  2370 1055 468 468 375408 379872 7080928.858469 8708272.958447 0.000000