# Format <LP id> <Terminal ID> <Total Data Size> <Avg packet latency> <# Flits/Packets finished> <Avg hops> <Busy Time>
4 0 32895816 3015379420.396948 81978 3.835434 188351.894669
5 1 627424 436677626.962809 2116 3.248935 36047.453190
6 2 504880 324262193.218472 1630 3.744807 53587.222637
7 3 2991360 3275338355.725739 6236 3.828435 373862.267052
13 4 0 0.000000 0 -nan 0.000000
14 5 0 0.000000 0 -nan 0.000000
15 6 0 0.000000 0 -nan 0.000000
16 7 0 0.000000 0 -nan 0.000000
22 8 2947584 2958782449.479401 5820 3.500000 248072.417657
23 9 0 0.000000 0 -nan 0.000000
24 10 3023776 3210466556.522171 6496 3.512777 209753.789866
25 11 0 0.000000 0 -nan 0.000000
31 12 762480 542049556.443711 2500 3.963421 21469.711182
32 13 0 0.000000 0 -nan 0.000000
33 14 378304 135426095.076052 1166 3.992532 7206.464460
34 15 0 0.000000 0 -nan 0.000000
40 16 0 0.000000 0 -nan 0.000000
41 17 32923868 2970582522.110645 82101 3.689347 103857.080119
42 18 0 0.000000 0 -nan 0.000000
43 19 0 0.000000 0 -nan 0.000000
49 20 2991360 3317368698.004575 6236 3.667475 209463.024291
50 21 0 0.000000 0 -nan 0.000000
51 22 631280 349736434.476991 2010 3.790255 30892.767020
52 23 0 0.000000 0 -nan 0.000000
58 24 636192 313636436.228200 2224 3.983004 12930.828806
59 25 0 0.000000 0 -nan 0.000000
60 26 0 0.000000 0 -nan 0.000000
61 27 770144 492792358.102914 3252 3.249484 34365.678289
67 28 0 0.000000 0 -nan 0.000000
68 29 0 0.000000 0 -nan 0.000000
69 30 0 0.000000 0 -nan 0.000000
70 31 0 0.000000 0 -nan 0.000000
76 32 0 0.000000 0 -nan 0.000000
77 33 36249616 3608355147.674572 91856 3.862138 21713.184485
78 34 0 0.000000 0 -nan 0.000000
79 35 36672956 3761544385.733650 92954 3.183687 383036.432307
85 36 759584 446081718.058235 2510 3.517202 30252.751325
86 37 38745084 3546736694.614354 96674 3.522069 8216.983049
87 38 0 0.000000 0 -nan 0.000000
88 39 33754344 3115709505.702929 83633 3.190437 21963.360633
94 40 0 0.000000 0 -nan 0.000000
95 41 39597368 4258372689.177448 101486 3.621306 238576.423521
96 42 633840 374528623.806850 2134 3.984266 109842.165784
97 43 2991360 2964002963.440552 6236 3.504645 251803.579614
103 44 634800 520335987.277731 2164 3.971563 58873.724069
104 45 2947584 4157148523.728903 5820 4.000000 316777.367498
105 46 3023776 3800218101.506203 6496 3.998902 324460.455139
106 47 2991360 3638054488.453547 6236 3.824345 350934.804001
112 48 0 0.000000 0 -nan 0.000000
113 49 772976 465119971.698549 2944 3.962496 27650.142006
114 50 0 0.000000 0 -nan 0.000000
115 51 640224 345779703.125539 2142 3.980827 18149.729919
121 52 0 0.000000 0 -nan 0.000000
122 53 0 0.000000 0 -nan 0.000000
123 54 0 0.000000 0 -nan 0.000000
124 55 2947584 3325456790.989195 5820 4.000000 236575.675132
130 56 40416496 3890757875.205691 102446 3.658903 57242.670464
131 57 0 0.000000 0 -nan 0.000000
132 58 0 0.000000 0 -nan 0.000000
133 59 0 0.000000 0 -nan 0.000000
139 60 764784 373074873.836743 2308 3.363248 39861.431384
140 61 0 0.000000 0 -nan 0.000000
141 62 38745076 3947041763.829602 96708 3.424784 278.902466
142 63 0 0.000000 0 -nan 0.000000
148 64 0 0.000000 0 -nan 0.000000
149 65 2947584 3060151963.377281 5820 3.666667 316907.889213
150 66 0 0.000000 0 -nan 0.000000
151 67 0 0.000000 0 -nan 0.000000
157 68 3023776 4532522451.322424 6496 3.835763 314052.158877
158 69 2991360 3938337621.092708 6236 3.831970 290763.445289
159 70 32510492 3225261995.006896 84009 3.577367 518509.662291
160 71 38731736 4318004080.170312 96707 3.670558 467320.346794
166 72 0 0.000000 0 -nan 0.000000
167 73 32494276 2909678023.967383 83974 3.686451 113786.800576
168 74 2947584 3132191235.537409 5820 3.666667 325224.837626
169 75 0 0.000000 0 -nan 0.000000
175 76 0 0.000000 0 -nan 0.000000
176 77 0 0.000000 0 -nan 0.000000
177 78 0 0.000000 0 -nan 0.000000
178 79 0 0.000000 0 -nan 0.000000
184 80 767456 553895554.633675 2702 3.977142 57386.983147
185 81 2991360 3319613949.862046 6236 3.663385 424048.162393
186 82 769008 682347863.027190 2746 3.988368 178455.754458
187 83 0 0.000000 0 -nan 0.000000
193 84 0 0.000000 0 -nan 0.000000
194 85 3023776 3356954624.015796 6496 3.995409 203601.576044
195 86 0 0.000000 0 -nan 0.000000
196 87 0 0.000000 0 -nan 0.000000
202 88 0 0.000000 0 -nan 0.000000
203 89 2991360 3491061511.645173 6236 3.831970 276305.550893
204 90 0 0.000000 0 -nan 0.000000
205 91 621872 345681642.856886 1714 3.621630 81454.849049
211 92 32491384 2863720538.569818 82040 3.141579 8079.841992
212 93 0 0.000000 0 -nan 0.000000
213 94 0 0.000000 0 -nan 0.000000
214 95 0 0.000000 0 -nan 0.000000
220 96 0 0.000000 0 -nan 0.000000
221 97 0 0.000000 0 -nan 0.000000
222 98 2991360 3196464780.859279 6236 3.501111 296177.674511
223 99 0 0.000000 0 -nan 0.000000
229 100 637120 469754823.130772 2298 3.796520 55044.126934
230 101 0 0.000000 0 -nan 0.000000
231 102 2991360 3047627167.090700 6236 3.671565 255189.508172
232 103 636432 322681196.030064 1726 3.425181 33772.796006
238 104 0 0.000000 0 -nan 0.000000
239 105 767184 382727359.063901 2770 3.632983 32462.320188
240 106 629792 470546826.946615 2004 3.979020 35059.689913
241 107 0 0.000000 0 -nan 0.000000
247 108 2947584 3388430280.038856 5820 4.000000 399245.178664
248 109 0 0.000000 0 -nan 0.000000
249 110 0 0.000000 0 -nan 0.000000
250 111 0 0.000000 0 -nan 0.000000
256 112 0 0.000000 0 -nan 0.000000
257 113 774128 353308118.555869 2856 3.825576 21708.439454
258 114 0 0.000000 0 -nan 0.000000
259 115 0 0.000000 0 -nan 0.000000
265 116 0 0.000000 0 -nan 0.000000
266 117 0 0.000000 0 -nan 0.000000
267 118 630928 259175451.303947 2220 3.961565 35247.391564
268 119 36649744 3329205094.711045 92860 4.000000 15717.025104
274 120 0 0.000000 0 -nan 0.000000
275 121 0 0.000000 0 -nan 0.000000
276 122 0 0.000000 0 -nan 0.000000
277 123 2991360 3454745931.728829 6236 3.824901 294134.634207
283 124 0 0.000000 0 -nan 0.000000
284 125 0 0.000000 0 -nan 0.000000
285 126 0 0.000000 0 -nan 0.000000
286 127 754464 444748332.058598 2322 3.524059 35961.576746
292 128 2991360 2972579392.778239 6236 3.668585 261077.107871
293 129 0 0.000000 0 -nan 0.000000
294 130 0 0.000000 0 -nan 0.000000
295 131 0 0.000000 0 -nan 0.000000
301 132 0 0.000000 0 -nan 0.000000
302 133 0 0.000000 0 -nan 0.000000
303 134 32505740 2852378940.442628 80573 3.531579 47179.586924
304 135 0 0.000000 0 -nan 0.000000
310 136 0 0.000000 0 -nan 0.000000
311 137 3023776 3578139057.021707 6496 3.833367 261438.766285
312 138 0 0.000000 0 -nan 0.000000
313 139 0 0.000000 0 -nan 0.000000
319 140 0 0.000000 0 -nan 0.000000
320 141 0 0.000000 0 -nan 0.000000
321 142 0 0.000000 0 -nan 0.000000
322 143 0 0.000000 0 -nan 0.000000
328 144 0 0.000000 0 -nan 0.000000
329 145 0 0.000000 0 -nan 0.000000
330 146 0 0.000000 0 -nan 0.000000
331 147 630880 384727837.839627 1932 3.975651 28762.039667
337 148 0 0.000000 0 -nan 0.000000
338 149 0 0.000000 0 -nan 0.000000
339 150 32502664 3512349906.951806 80550 3.537933 363380.539529
340 151 3023776 2982413785.025826 6496 3.345595 293386.214640
346 152 38747532 3689130915.111362 96726 3.656855 130885.666391
347 153 0 0.000000 0 -nan 0.000000
348 154 2991360 3179764340.345280 6236 3.663940 465955.834341
349 155 0 0.000000 0 -nan 0.000000
355 156 3045248 3314320454.544505 6652 3.669771 273493.945885
356 157 29578180 3169071373.207536 76880 3.830985 400713.202171
357 158 639600 292711123.419786 2650 3.783383 33135.458802
358 159 0 0.000000 0 -nan 0.000000
364 160 32917712 3283293011.208343 82034 4.000000 0.000000
365 161 32496836 3026639021.456265 83977 3.839948 69657.759782
366 162 0 0.000000 0 -nan 0.000000
367 163 0 0.000000 0 -nan 0.000000
373 164 0 0.000000 0 -nan 0.000000
374 165 0 0.000000 0 -nan 0.000000
375 166 3023776 2784744817.473536 6496 3.185200 275352.919822
376 167 0 0.000000 0 -nan 0.000000
382 168 32918448 2956942267.880070 82005 3.254696 0.000000
383 169 0 0.000000 0 -nan 0.000000
384 170 0 0.000000 0 -nan 0.000000
385 171 0 0.000000 0 -nan 0.000000
391 172 501600 220531581.232046 1598 3.730448 11360.883167
392 173 0 0.000000 0 -nan 0.000000
393 174 0 0.000000 0 -nan 0.000000
394 175 0 0.000000 0 -nan 0.000000
400 176 0 0.000000 0 -nan 0.000000
401 177 758112 382217281.106866 2294 3.978588 30498.431280
402 178 0 0.000000 0 -nan 0.000000
403 179 0 0.000000 0 -nan 0.000000
409 180 2947584 2765674589.721612 5820 3.833333 249667.859189
410 181 0 0.000000 0 -nan 0.000000
411 182 635920 320032886.263016 2110 3.796627 70729.683737
412 183 0 0.000000 0 -nan 0.000000
418 184 29578936 3167345295.315536 76989 3.662017 25822.419449
419 185 761504 428291360.907580 2680 3.833782 23858.021263
420 186 0 0.000000 0 -nan 0.000000
421 187 504832 258470045.182456 1432 3.765469 49247.538012
427 188 503872 191187369.636034 1552 3.049757 15106.982583
428 189 0 0.000000 0 -nan 0.000000
429 190 0 0.000000 0 -nan 0.000000
430 191 631392 242615618.774753 1914 3.432371 30197.501299
436 192 0 0.000000 0 -nan 0.000000
437 193 0 0.000000 0 -nan 0.000000
438 194 0 0.000000 0 -nan 0.000000
439 195 759008 489055682.228694 2224 3.806794 28533.636868
445 196 0 0.000000 0 -nan 0.000000
446 197 637856 319249247.311907 2422 3.615303 18312.850502
447 198 0 0.000000 0 -nan 0.000000
448 199 0 0.000000 0 -nan 0.000000
454 200 0 0.000000 0 -nan 0.000000
455 201 0 0.000000 0 -nan 0.000000
456 202 2991360 3073399727.456630 6236 3.664495 376809.732213
457 203 0 0.000000 0 -nan 0.000000
463 204 29573788 3093568238.236748 76974 4.000000 19358.804372
464 205 503760 205927906.482466 1776 3.744544 29310.585152
465 206 0 0.000000 0 -nan 0.000000
466 207 0 0.000000 0 -nan 0.000000
472 208 0 0.000000 0 -nan 0.000000
473 209 2991360 2878975971.346722 6236 3.671009 278456.097126
474 210 3023776 3063628348.646577 6496 3.020762 295809.981217
475 211 0 0.000000 0 -nan 0.000000
481 212 0 0.000000 0 -nan 0.000000
482 213 3023776 3126849587.634193 6496 3.836860 217349.908722
483 214 759936 445159361.087381 2700 3.830001 46596.413275
484 215 32073480 2587712171.422236 84700 3.492385 102008.546564
490 216 0 0.000000 0 -nan 0.000000
491 217 0 0.000000 0 -nan 0.000000
492 218 0 0.000000 0 -nan 0.000000
493 219 2991360 3235453386.886305 6236 3.508180 272552.829885
499 220 634848 278096384.571464 2124 3.790305 36802.723335
500 221 0 0.000000 0 -nan 0.000000
501 222 0 0.000000 0 -nan 0.000000
502 223 0 0.000000 0 -nan 0.000000
508 224 32504728 3062924464.503733 80566 3.845896 33516.079298
509 225 0 0.000000 0 -nan 0.000000
510 226 759840 357933168.396047 2238 3.824347 24524.271666
511 227 0 0.000000 0 -nan 0.000000
517 228 0 0.000000 0 -nan 0.000000
518 229 0 0.000000 0 -nan 0.000000
519 230 0 0.000000 0 -nan 0.000000
520 231 27919224 2246066761.698854 72990 3.499909 25873.221047
526 232 0 0.000000 0 -nan 0.000000
527 233 0 0.000000 0 -nan 0.000000
528 234 0 0.000000 0 -nan 0.000000
529 235 0 0.000000 0 -nan 0.000000
535 236 0 0.000000 0 -nan 0.000000
536 237 0 0.000000 0 -nan 0.000000
537 238 0 0.000000 0 -nan 0.000000
538 239 2947584 3590862394.018191 5820 3.833333 268005.713520
544 240 0 0.000000 0 -nan 0.000000
545 241 505200 191567471.438981 1672 3.988261 9604.601792
546 242 0 0.000000 0 -nan 0.000000
547 243 625600 303459912.953487 1732 3.798468 24224.604478
553 244 629184 344874440.623428 1882 3.790654 20208.980629
554 245 0 0.000000 0 -nan 0.000000
555 246 504480 230234445.270520 1494 3.977850 13906.070090
556 247 0 0.000000 0 -nan 0.000000
562 248 0 0.000000 0 -nan 0.000000
563 249 0 0.000000 0 -nan 0.000000
564 250 762576 476362141.623888 2284 3.510374 31969.680191
565 251 0 0.000000 0 -nan 0.000000
571 252 0 0.000000 0 -nan 0.000000
572 253 0 0.000000 0 -nan 0.000000
573 254 0 0.000000 0 -nan 0.000000
574 255 0 0.000000 0 -nan 0.000000
580 256 0 0.000000 0 -nan 0.000000
581 257 631648 318293806.724550 2008 3.796850 32889.889391
582 258 637280 272624862.873987 2160 3.787307 16176.549688
583 259 32503148 2999063736.129725 80581 3.628778 31856.031328
589 260 632544 384113568.741159 2094 3.802863 81683.846258
590 261 0 0.000000 0 -nan 0.000000
591 262 32501036 2815625055.806593 84014 3.614228 249092.938035
592 263 2991360 2803619645.916415 6236 3.992375 270197.800300
598 264 0 0.000000 0 -nan 0.000000
599 265 634752 284258076.504833 2144 3.596314 45307.305577
600 266 770032 405332420.287744 2924 3.685636 36193.025433
601 267 0 0.000000 0 -nan 0.000000
607 268 501248 273247733.634227 1514 3.976948 19147.508187
608 269 0 0.000000 0 -nan 0.000000
609 270 0 0.000000 0 -nan 0.000000
610 271 0 0.000000 0 -nan 0.000000
616 272 505344 306470694.507008 1688 3.971979 16006.049238
617 273 0 0.000000 0 -nan 0.000000
618 274 0 0.000000 0 -nan 0.000000
619 275 0 0.000000 0 -nan 0.000000
625 276 0 0.000000 0 -nan 0.000000
626 277 0 0.000000 0 -nan 0.000000
627 278 0 0.000000 0 -nan 0.000000
628 279 0 0.000000 0 -nan 0.000000
634 280 0 0.000000 0 -nan 0.000000
635 281 764992 482356736.490526 2938 3.828419 98016.281423
636 282 3023776 2778438787.147331 6496 3.502845 229383.019408
637 283 0 0.000000 0 -nan 0.000000
643 284 0 0.000000 0 -nan 0.000000
644 285 2991360 3236617636.331296 6236 3.831415 268978.221706
645 286 3023776 2895624383.129699 6496 3.509832 276149.684358
646 287 0 0.000000 0 -nan 0.000000
652 288 0 0.000000 0 -nan 0.000000
653 289 0 0.000000 0 -nan 0.000000
654 290 0 0.000000 0 -nan 0.000000
655 291 633456 284382066.629026 1894 3.055429 25937.815916
661 292 0 0.000000 0 -nan 0.000000
662 293 0 0.000000 0 -nan 0.000000
663 294 34588544 3344487490.947760 89342 3.607897 14921.212868
664 295 511216 271278903.137941 1882 3.741225 12992.823303
670 296 0 0.000000 0 -nan 0.000000
671 297 3045248 3096082234.666653 6652 3.835158 324117.755654
672 298 630960 291919296.267935 1838 3.616174 25571.908456
673 299 0 0.000000 0 -nan 0.000000
679 300 642640 381479099.310996 2500 3.619029 66150.021292
680 301 0 0.000000 0 -nan 0.000000
681 302 2947584 2882699901.139908 5820 3.500000 351430.260473
682 303 0 0.000000 0 -nan 0.000000
688 304 0 0.000000 0 -nan 0.000000
689 305 0 0.000000 0 -nan 0.000000
690 306 0 0.000000 0 -nan 0.000000
691 307 0 0.000000 0 -nan 0.000000
697 308 33336608 3368691128.450422 86910 3.443792 135341.624912
698 309 2947584 2811049422.002611 5820 3.333333 250574.913472
699 310 0 0.000000 0 -nan 0.000000
700 311 0 0.000000 0 -nan 0.000000
706 312 0 0.000000 0 -nan 0.000000
707 313 0 0.000000 0 -nan 0.000000
708 314 0 0.000000 0 -nan 0.000000
709 315 0 0.000000 0 -nan 0.000000
715 316 0 0.000000 0 -nan 0.000000
716 317 0 0.000000 0 -nan 0.000000
717 318 505296 297797400.238916 1458 3.508280 42818.108713
718 319 623648 385304455.108251 1836 3.602058 39979.221525
724 320 774192 623893294.873138 2992 3.502749 76039.350762
725 321 0 0.000000 0 -nan 0.000000
726 322 3023776 3550266089.136451 6496 3.661393 210672.975727
727 323 0 0.000000 0 -nan 0.000000
733 324 0 0.000000 0 -nan 0.000000
734 325 632304 363576652.580502 2102 3.991205 17280.033620
735 326 0 0.000000 0 -nan 0.000000
736 327 0 0.000000 0 -nan 0.000000
742 328 32916208 3142344367.718967 82004 4.000000 0.000000
743 329 0 0.000000 0 -nan 0.000000
744 330 0 0.000000 0 -nan 0.000000
745 331 0 0.000000 0 -nan 0.000000
751 332 0 0.000000 0 -nan 0.000000
752 333 0 0.000000 0 -nan 0.000000
753 334 625344 308477352.043366 1742 3.811952 18094.709222
754 335 0 0.000000 0 -nan 0.000000
760 336 0 0.000000 0 -nan 0.000000
761 337 0 0.000000 0 -nan 0.000000
762 338 2947584 3118527581.264442 5820 3.666667 235126.044316
763 339 761664 538012656.954039 2242 3.679759 41194.909728
769 340 505472 211211352.617694 1584 3.733672 17396.381780
770 341 36670540 3704392076.258105 93358 3.816193 199001.306549
771 342 3023776 3444170612.437048 6496 3.347241 324265.713545
772 343 0 0.000000 0 -nan 0.000000
778 344 0 0.000000 0 -nan 0.000000
779 345 0 0.000000 0 -nan 0.000000
780 346 626992 330246420.012394 1736 3.801551 18311.445337
781 347 755872 474058404.254156 2220 3.657452 41046.043606
787 348 3023776 2880068695.070887 6496 3.830971 271944.776778
788 349 0 0.000000 0 -nan 0.000000
789 350 32523708 2999943255.358391 84033 3.743044 158246.521628
790 351 0 0.000000 0 -nan 0.000000
796 352 0 0.000000 0 -nan 0.000000
797 353 634608 272183112.772918 1792 3.791977 49572.482419
798 354 0 0.000000 0 -nan 0.000000
799 355 0 0.000000 0 -nan 0.000000
805 356 2947584 2911299792.680668 5820 3.500000 330593.866507
806 357 2991360 3097267017.490204 6236 3.999445 334682.183884
807 358 32505608 2739877791.180527 83973 3.743032 358436.017501
808 359 0 0.000000 0 -nan 0.000000
814 360 509328 270208880.874133 1632 3.966528 11690.778049
815 361 0 0.000000 0 -nan 0.000000
816 362 0 0.000000 0 -nan 0.000000
817 363 0 0.000000 0 -nan 0.000000
823 364 0 0.000000 0 -nan 0.000000
824 365 640832 356945032.277413 2434 3.615837 22307.562789
825 366 0 0.000000 0 -nan 0.000000
826 367 2991360 3229235525.899964 6236 3.827325 382886.564830
832 368 766672 429608334.549122 2916 3.834435 28791.964463
833 369 0 0.000000 0 -nan 0.000000
834 370 619376 401995206.353947 1778 3.412231 32021.398790
835 371 0 0.000000 0 -nan 0.000000
841 372 0 0.000000 0 -nan 0.000000
842 373 0 0.000000 0 -nan 0.000000
843 374 0 0.000000 0 -nan 0.000000
844 375 755984 429646316.401523 2346 3.965666 59425.886739
850 376 636576 452545507.713310 2130 3.808388 52681.198879
851 377 0 0.000000 0 -nan 0.000000
852 378 0 0.000000 0 -nan 0.000000
853 379 2991360 3862165423.251120 6236 3.503535 345339.709499
859 380 0 0.000000 0 -nan 0.000000
860 381 0 0.000000 0 -nan 0.000000
861 382 2991360 3679383841.239782 6236 3.835505 209520.379279
862 383 0 0.000000 0 -nan 0.000000
868 384 0 0.000000 0 -nan 0.000000
869 385 0 0.000000 0 -nan 0.000000
870 386 0 0.000000 0 -nan 0.000000
871 387 2991360 3246600473.126757 6236 3.991265 280709.871769
877 388 0 0.000000 0 -nan 0.000000
878 389 0 0.000000 0 -nan 0.000000
879 390 0 0.000000 0 -nan 0.000000
880 391 3023776 3272199720.257277 6496 3.986025 357301.375092
886 392 36236440 3266912021.477913 91869 4.000000 67625.925595
887 393 505264 361454766.954859 1580 3.992085 34899.149044
888 394 29579992 2860619898.069749 76940 4.000000 74738.287630
889 395 756544 463442228.516643 2730 3.668388 29304.301966
895 396 634496 363021325.816394 1734 3.588060 40941.001518
896 397 0 0.000000 0 -nan 0.000000
897 398 0 0.000000 0 -nan 0.000000
898 399 27921168 2451908466.691998 72986 4.000000 77365.571745
904 400 0 0.000000 0 -nan 0.000000
905 401 634048 333769162.032484 2126 3.425942 20561.188698
906 402 0 0.000000 0 -nan 0.000000
907 403 510208 272933680.243105 1884 3.757704 55389.936155
913 404 0 0.000000 0 -nan 0.000000
914 405 0 0.000000 0 -nan 0.000000
915 406 0 0.000000 0 -nan 0.000000
916 407 0 0.000000 0 -nan 0.000000
922 408 2947584 3947197386.361192 5820 4.000000 423720.558971
923 409 3023776 3786265094.177957 6496 3.495308 349701.593069
924 410 2947584 3520720572.863462 5820 4.000000 506359.198012
925 411 3023776 3414729970.962641 6496 3.495857 303885.132415
931 412 3045248 3087402317.767541 6652 3.669771 298485.427045
932 413 0 0.000000 0 -nan 0.000000
933 414 633488 377285166.501451 2046 3.231695 47685.544587
934 415 0 0.000000 0 -nan 0.000000
940 416 0 0.000000 0 -nan 0.000000
941 417 0 0.000000 0 -nan 0.000000
942 418 635680 393258055.804656 2196 3.444043 38750.893280
943 419 0 0.000000 0 -nan 0.000000
949 420 0 0.000000 0 -nan 0.000000
950 421 633280 376231796.331190 2072 3.415805 35410.326367
951 422 2991360 2726170204.281537 6236 3.668585 239356.657173
952 423 36652080 3530879868.704905 92881 3.142266 207316.018900
958 424 0 0.000000 0 -nan 0.000000
959 425 0 0.000000 0 -nan 0.000000
960 426 373792 161357291.978995 1024 3.666498 17938.780561
961 427 32493596 3150878202.530697 82011 4.000000 31503.366574
967 428 36667220 3693783026.628644 93268 3.908181 38831.554755
968 429 0 0.000000 0 -nan 0.000000
969 430 502992 235926003.259923 1618 3.964379 33009.918042
970 431 0 0.000000 0 -nan 0.000000
976 432 631440 309825127.885278 2024 3.627112 26373.938687
977 433 0 0.000000 0 -nan 0.000000
978 434 771488 418889964.975856 3106 3.836132 24643.300661
979 435 0 0.000000 0 -nan 0.000000
985 436 2991360 2985054183.772655 6236 3.671565 309859.468985
986 437 511712 295102437.206439 1750 3.523363 39445.866721
987 438 0 0.000000 0 -nan 0.000000
988 439 32498812 3564192795.360590 81971 3.820799 277707.058166
994 440 0 0.000000 0 -nan 0.000000
995 441 2947584 2990719356.105015 5820 3.833333 302041.518866
996 442 0 0.000000 0 -nan 0.000000
997 443 501008 354666642.850736 1404 3.760121 90502.411240
1003 444 0 0.000000 0 -nan 0.000000
1004 445 0 0.000000 0 -nan 0.000000
1005 446 2947584 2969204876.974818 5820 3.666667 253047.941481
1006 447 0 0.000000 0 -nan 0.000000
1012 448 0 0.000000 0 -nan 0.000000
1013 449 0 0.000000 0 -nan 0.000000
1014 450 3023776 3688770392.602619 6496 3.826379 285137.540566
1015 451 0 0.000000 0 -nan 0.000000
1021 452 0 0.000000 0 -nan 0.000000
1022 453 0 0.000000 0 -nan 0.000000
1023 454 764496 478827807.130633 2770 3.816714 54144.988185
1024 455 630848 336546963.784544 2072 3.787417 57230.373696
1030 456 0 0.000000 0 -nan 0.000000
1031 457 0 0.000000 0 -nan 0.000000
1032 458 0 0.000000 0 -nan 0.000000
1033 459 0 0.000000 0 -nan 0.000000
1039 460 637984 354746306.845488 2176 3.628485 37418.141856
1040 461 0 0.000000 0 -nan 0.000000
1041 462 766832 338968428.709206 2946 3.351909 39987.140423
1042 463 0 0.000000 0 -nan 0.000000
1048 464 0 0.000000 0 -nan 0.000000
1049 465 0 0.000000 0 -nan 0.000000
1050 466 638736 298426040.427158 2238 3.971320 97428.458232
1051 467 767632 458164258.415302 2346 3.831982 81318.880061
1057 468 0 0.000000 0 -nan 0.000000
1058 469 0 0.000000 0 -nan 0.000000
1059 470 2991360 3944493781.605376 6236 3.999445 287036.567255
1060 471 0 0.000000 0 -nan 0.000000
1066 472 2991360 2453820492.076889 6236 3.504645 226444.477373
1067 473 3023776 2897901113.291246 6496 3.668380 337144.951812
1068 474 0 0.000000 0 -nan 0.000000
1069 475 0 0.000000 0 -nan 0.000000
1075 476 0 0.000000 0 -nan 0.000000
1076 477 0 0.000000 0 -nan 0.000000
1077 478 0 0.000000 0 -nan 0.000000
1078 479 0 0.000000 0 -nan 0.000000
1084 480 0 0.000000 0 -nan 0.000000
1085 481 0 0.000000 0 -nan 0.000000
1086 482 0 0.000000 0 -nan 0.000000
1087 483 0 0.000000 0 -nan 0.000000
1093 484 377184 174519896.166357 1118 3.355881 26082.363279
1094 485 761328 397211302.167503 2312 3.835726 27879.572158
1095 486 0 0.000000 0 -nan 0.000000
1096 487 32493152 3334864284.689347 80473 3.629006 8409.693169
1102 488 0 0.000000 0 -nan 0.000000
1103 489 0 0.000000 0 -nan 0.000000
1104 490 0 0.000000 0 -nan 0.000000
1105 491 0 0.000000 0 -nan 0.000000
1111 492 0 0.000000 0 -nan 0.000000
1112 493 634864 356674008.147837 2238 3.778592 29103.208280
1113 494 501872 257062168.802678 1518 3.282611 28307.377923
1114 495 2947584 2703925646.333252 5820 3.666667 357312.668087
1120 496 2947584 4049929208.699669 5820 4.000000 239700.244207
1121 497 0 0.000000 0 -nan 0.000000
1122 498 767936 529704980.456310 2824 3.534291 101646.114834
1123 499 379504 221309599.090725 1298 3.045215 62798.952598
1129 500 39180064 3747722282.606950 100918 3.591134 200112.589717
1130 501 0 0.000000 0 -nan 0.000000
1131 502 2991360 3020089026.574435 6236 3.995910 198066.999112
1132 503 640528 475293572.062811 2232 3.603244 25983.659750
1138 504 0 0.000000 0 -nan 0.000000
1139 505 0 0.000000 0 -nan 0.000000
1140 506 0 0.000000 0 -nan 0.000000
1141 507 0 0.000000 0 -nan 0.000000
1147 508 0 0.000000 0 -nan 0.000000
1148 509 0 0.000000 0 -nan 0.000000
1149 510 508400 226240597.088085 1784 3.518758 13154.820439
1150 511 39165496 3703527066.488212 100800 3.755457 55602.653057
1156 512 2991360 3084603949.928412 6236 3.497021 312932.780944
1157 513 34549172 3559510743.190094 89249 3.849498 304020.342028
1158 514 0 0.000000 0 -nan 0.000000
1159 515 635968 408466632.311168 2022 3.786037 42117.613802
1165 516 507328 250429561.925934 1644 3.720039 19983.687496
1166 517 0 0.000000 0 -nan 0.000000
1167 518 0 0.000000 0 -nan 0.000000
1168 519 0 0.000000 0 -nan 0.000000
1174 520 624000 303983339.367135 1722 3.995649 25375.242366
1175 521 0 0.000000 0 -nan 0.000000
1176 522 0 0.000000 0 -nan 0.000000
1177 523 27933140 2620440548.855036 73021 3.620289 0.000000
1183 524 40428396 5143653157.104630 102409 3.664346 51161.838184
1184 525 32920828 2770353698.998178 85442 3.070838 31275.278436
1185 526 758272 424005037.139730 2218 3.677882 35093.293472
1186 527 36667572 3240545471.479468 93411 3.442980 10672.708094
1192 528 0 0.000000 0 -nan 0.000000
1193 529 0 0.000000 0 -nan 0.000000
1194 530 32504212 2943565208.026060 80569 4.000000 0.000000
1195 531 0 0.000000 0 -nan 0.000000
1201 532 502656 298825143.564853 1374 3.463914 14555.526783
1202 533 630992 331719792.430988 1754 3.986407 51420.265957
1203 534 32497604 3186354172.248172 84032 3.250449 147587.258198
1204 535 0 0.000000 0 -nan 0.000000
1210 536 0 0.000000 0 -nan 0.000000
1211 537 0 0.000000 0 -nan 0.000000
1212 538 0 0.000000 0 -nan 0.000000
1213 539 496032 320911293.020831 1286 3.712208 33221.632207
1219 540 0 0.000000 0 -nan 0.000000
1220 541 0 0.000000 0 -nan 0.000000
1221 542 2947584 2986879953.601095 5820 3.666667 245744.155702
1222 543 3023776 3152638136.969549 6496 3.995409 272840.300304
1228 544 2947584 3896689000.036592 5820 3.833333 327878.030093
1229 545 0 0.000000 0 -nan 0.000000
1230 546 0 0.000000 0 -nan 0.000000
1231 547 0 0.000000 0 -nan 0.000000
1237 548 2991360 3444087619.178181 6236 3.671565 315219.725066
1238 549 770384 510823368.531829 2736 3.688029 83399.279280
1239 550 0 0.000000 0 -nan 0.000000
1240 551 0 0.000000 0 -nan 0.000000
1246 552 504256 282414413.077944 1550 3.978382 11666.071653
1247 553 0 0.000000 0 -nan 0.000000
1248 554 0 0.000000 0 -nan 0.000000
1249 555 0 0.000000 0 -nan 0.000000
1255 556 2991360 3623263703.259737 6236 3.985306 335805.228534
1256 557 0 0.000000 0 -nan 0.000000
1257 558 0 0.000000 0 -nan 0.000000
1258 559 0 0.000000 0 -nan 0.000000
1264 560 38736336 3795076688.022897 96743 3.720306 103229.370569
1265 561 772144 443305234.273321 2772 3.670311 23988.483206
1266 562 0 0.000000 0 -nan 0.000000
1267 563 0 0.000000 0 -nan 0.000000
1273 564 0 0.000000 0 -nan 0.000000
1274 565 760688 500522961.311213 2196 3.832767 29758.657713
1275 566 0 0.000000 0 -nan 0.000000
1276 567 0 0.000000 0 -nan 0.000000
1282 568 2947584 3316015599.522361 5820 4.000000 410129.954840
1283 569 0 0.000000 0 -nan 0.000000
1284 570 0 0.000000 0 -nan 0.000000
1285 571 0 0.000000 0 -nan 0.000000
1291 572 0 0.000000 0 -nan 0.000000
1292 573 637136 369035924.021370 2266 3.426119 27878.807657
1293 574 32486248 3060663465.253686 80548 3.685732 249372.262686
1294 575 507824 240879867.001672 1538 3.737252 17485.051865
1300 576 3023776 3465289433.563058 6496 3.833916 230517.988573
1301 577 0 0.000000 0 -nan 0.000000
1302 578 0 0.000000 0 -nan 0.000000
1303 579 767760 540097858.853789 2880 3.980236 42987.183589
1309 580 0 0.000000 0 -nan 0.000000
1310 581 0 0.000000 0 -nan 0.000000
1311 582 635248 455885448.167727 2004 3.596983 69916.906513
1312 583 2991360 3214330800.031393 6236 3.672120 307162.472508
1318 584 0 0.000000 0 -nan 0.000000
1319 585 0 0.000000 0 -nan 0.000000
1320 586 0 0.000000 0 -nan 0.000000
1321 587 633152 341386337.940256 1936 3.786153 14734.499649
1327 588 0 0.000000 0 -nan 0.000000
1328 589 627632 315157779.074418 1784 3.595604 33101.209481
1329 590 0 0.000000 0 -nan 0.000000
1330 591 0 0.000000 0 -nan 0.000000
1336 592 636752 331002302.631013 2122 3.802331 27258.583352
1337 593 498384 201777583.152391 1354 3.736208 43076.222813
1338 594 636224 320074268.615869 2360 3.607923 25152.142063
1339 595 635488 311985213.064301 2064 3.797838 27987.536852
1345 596 0 0.000000 0 -nan 0.000000
1346 597 0 0.000000 0 -nan 0.000000
1347 598 0 0.000000 0 -nan 0.000000
1348 599 0 0.000000 0 -nan 0.000000
1354 600 0 0.000000 0 -nan 0.000000
1355 601 0 0.000000 0 -nan 0.000000
1356 602 776464 480091387.864204 2906 3.534200 21811.763058
1357 603 639568 375511640.661020 2616 3.793629 16818.131553
1363 604 0 0.000000 0 -nan 0.000000
1364 605 0 0.000000 0 -nan 0.000000
1365 606 33338416 2863230618.073559 86940 3.694216 0.000000
1366 607 0 0.000000 0 -nan 0.000000
1372 608 0 0.000000 0 -nan 0.000000
1373 609 0 0.000000 0 -nan 0.000000
1374 610 0 0.000000 0 -nan 0.000000
1375 611 2991360 3015420917.453219 6236 3.831415 268827.235510
1381 612 39579236 4133321651.248310 101487 3.747396 33787.110464
1382 613 34582828 3401626062.612107 89386 3.758092 38131.254557
1383 614 643168 313143977.167512 2450 3.594971 22683.680852
1384 615 770080 458329907.233665 2992 3.518150 30347.878355
1390 616 629120 411396217.307676 2054 3.977628 32807.953114
1391 617 0 0.000000 0 -nan 0.000000
1392 618 2991360 2891844020.531052 6236 3.995910 354847.020755
1393 619 0 0.000000 0 -nan 0.000000
1399 620 0 0.000000 0 -nan 0.000000
1400 621 762288 395394381.271349 2314 3.835131 31404.344106
1401 622 0 0.000000 0 -nan 0.000000
1402 623 0 0.000000 0 -nan 0.000000
1408 624 0 0.000000 0 -nan 0.000000
1409 625 0 0.000000 0 -nan 0.000000
1410 626 504912 247114709.177502 1576 3.515769 61432.023189
1411 627 0 0.000000 0 -nan 0.000000
1417 628 38740296 4131767095.509984 96728 3.849521 36750.773478
1418 629 0 0.000000 0 -nan 0.000000
1419 630 631952 360613457.433186 1916 3.952717 28485.935721
1420 631 0 0.000000 0 -nan 0.000000
1426 632 762656 445615484.765942 2310 3.659603 58971.385723
1427 633 0 0.000000 0 -nan 0.000000
1428 634 0 0.000000 0 -nan 0.000000
1429 635 0 0.000000 0 -nan 0.000000
1435 636 0 0.000000 0 -nan 0.000000
1436 637 0 0.000000 0 -nan 0.000000
1437 638 32905384 3574881920.462835 82024 3.627037 0.000000
1438 639 756352 418095420.758381 2286 3.516405 26476.864135
1444 640 0 0.000000 0 -nan 0.000000
1445 641 0 0.000000 0 -nan 0.000000
1446 642 637600 305676238.241798 2290 3.975066 34234.043629
1447 643 0 0.000000 0 -nan 0.000000
1453 644 40411528 4338583706.027349 102403 4.000000 41388.221393
1454 645 0 0.000000 0 -nan 0.000000
1455 646 506160 232246384.234951 1696 3.287402 42682.950890
1456 647 0 0.000000 0 -nan 0.000000
1462 648 3023776 3115338764.655771 6496 3.513875 286178.096417
1463 649 32503208 3830928838.817855 80567 4.000000 148140.851997
1464 650 0 0.000000 0 -nan 0.000000
1465 651 0 0.000000 0 -nan 0.000000
1471 652 0 0.000000 0 -nan 0.000000
1472 653 633856 335513102.379970 2102 3.960605 73647.066613
1473 654 504848 230302119.530806 1496 3.054731 26655.335751
1474 655 0 0.000000 0 -nan 0.000000
1480 656 0 0.000000 0 -nan 0.000000
1481 657 0 0.000000 0 -nan 0.000000
1482 658 2991360 3996304437.929168 6236 3.831970 385458.496741
1483 659 757504 427806356.616937 2242 3.681826 49364.481627
1489 660 0 0.000000 0 -nan 0.000000
1490 661 33340156 2866070958.743655 86877 3.648466 55755.660933
1491 662 0 0.000000 0 -nan 0.000000
1492 663 758672 409798008.595944 2276 3.821988 25117.169140
1498 664 0 0.000000 0 -nan 0.000000
1499 665 0 0.000000 0 -nan 0.000000
1500 666 2991360 4126006981.396515 6236 3.824901 234976.511878
1501 667 3045248 3242246334.007393 6652 3.831146 290393.985723
1507 668 380576 168448116.576628 1302 3.360360 8106.601313
1508 669 0 0.000000 0 -nan 0.000000
1509 670 0 0.000000 0 -nan 0.000000
1510 671 36243032 4601075860.108233 91853 4.000000 2183.409269
1516 672 635248 404073886.500907 2242 3.786858 62276.898139
1517 673 2947584 3028354828.923252 5820 3.833333 287070.210790
1518 674 0 0.000000 0 -nan 0.000000
1519 675 0 0.000000 0 -nan 0.000000
1525 676 0 0.000000 0 -nan 0.000000
1526 677 635504 307692494.538489 2226 3.425931 21251.017378
1527 678 0 0.000000 0 -nan 0.000000
1528 679 0 0.000000 0 -nan 0.000000
1534 680 0 0.000000 0 -nan 0.000000
1535 681 0 0.000000 0 -nan 0.000000
1536 682 0 0.000000 0 -nan 0.000000
1537 683 0 0.000000 0 -nan 0.000000
1543 684 380288 401732881.032989 1366 3.940755 49000.362879
1544 685 3023776 3563889647.343956 6496 3.831720 275633.587260
1545 686 3045248 3527881313.075758 6652 3.818564 281560.130186
1546 687 3023776 3352143705.799304 6496 3.499351 349359.398483
1552 688 36652636 3315858334.315048 93322 3.863453 62279.198392
1553 689 769120 439370343.065423 2704 3.838707 49980.162492
1554 690 0 0.000000 0 -nan 0.000000
1555 691 630672 458655202.172511 2250 3.431747 47724.069305
1561 692 0 0.000000 0 -nan 0.000000
1562 693 0 0.000000 0 -nan 0.000000
1563 694 0 0.000000 0 -nan 0.000000
1564 695 40403288 4151879847.394446 102369 3.588150 50366.051932
1570 696 0 0.000000 0 -nan 0.000000
1571 697 0 0.000000 0 -nan 0.000000
1572 698 0 0.000000 0 -nan 0.000000
1573 699 506832 197727847.798501 1794 3.992287 16809.273973
1579 700 625760 403403716.674142 1756 3.804898 20794.059860
1580 701 0 0.000000 0 -nan 0.000000
1581 702 0 0.000000 0 -nan 0.000000
1582 703 0 0.000000 0 -nan 0.000000
1588 704 626816 326437086.461979 1932 3.433127 17753.999719
1589 705 0 0.000000 0 -nan 0.000000
1590 706 39598796 4154989220.764163 101491 4.000000 22778.258261
1591 707 756832 364279643.238598 2246 3.662871 25405.634169
1597 708 0 0.000000 0 -nan 0.000000
1598 709 773456 479714338.654209 2964 3.517057 40530.985693
1599 710 32910660 3119832662.218023 81989 3.683540 83803.387613
1600 711 0 0.000000 0 -nan 0.000000
1606 712 0 0.000000 0 -nan 0.000000
1607 713 0 0.000000 0 -nan 0.000000
1608 714 0 0.000000 0 -nan 0.000000
1609 715 2991360 3018118607.041892 6236 3.834949 242889.123453
1615 716 3023776 3267227017.468584 6496 3.674270 305845.605772
1616 717 0 0.000000 0 -nan 0.000000
1617 718 503376 264129362.290804 1594 3.993666 34758.363423
1618 719 36664632 3233623261.284485 92949 3.507028 531909.449084
1624 720 3023776 3099003559.971517 6496 3.652759 268389.053424
1625 721 2991360 3699265150.612538 6236 3.831970 290120.225268
1626 722 0 0.000000 0 -nan 0.000000
1627 723 39178140 3837833446.796431 100852 3.435164 525788.341344
1633 724 0 0.000000 0 -nan 0.000000
1634 725 0 0.000000 0 -nan 0.000000
1635 726 0 0.000000 0 -nan 0.000000
1636 727 625072 324274899.020929 1918 3.595090 32701.307019
1642 728 0 0.000000 0 -nan 0.000000
1643 729 0 0.000000 0 -nan 0.000000
1644 730 0 0.000000 0 -nan 0.000000
1645 731 0 0.000000 0 -nan 0.000000
1651 732 0 0.000000 0 -nan 0.000000
1652 733 0 0.000000 0 -nan 0.000000
1653 734 0 0.000000 0 -nan 0.000000
1654 735 0 0.000000 0 -nan 0.000000
1660 736 2991360 3615699059.045372 6236 3.507069 310148.082706
1661 737 0 0.000000 0 -nan 0.000000
1662 738 636880 389760313.064639 2112 3.794221 27429.767221
1663 739 2991360 3543450951.133936 6236 3.988285 363615.620339
1669 740 629008 506132662.744856 1828 3.802838 36016.893055
1670 741 760512 482356946.478822 2588 3.525966 41482.398622
1671 742 0 0.000000 0 -nan 0.000000
1672 743 0 0.000000 0 -nan 0.000000
1678 744 2947584 2798599734.788426 5820 3.833333 226293.801842
1679 745 0 0.000000 0 -nan 0.000000
1680 746 0 0.000000 0 -nan 0.000000
1681 747 0 0.000000 0 -nan 0.000000
1687 748 3023776 3332173098.988555 6496 3.657350 234746.959816
1688 749 0 0.000000 0 -nan 0.000000
1689 750 0 0.000000 0 -nan 0.000000
1690 751 506288 304704456.989165 1580 3.504265 42748.675589
1696 752 0 0.000000 0 -nan 0.000000
1697 753 27913272 2581584086.083686 72964 3.507052 53684.941999
1698 754 0 0.000000 0 -nan 0.000000
1699 755 500784 394438559.361138 1482 3.050639 26878.463404
1705 756 3045248 3456250135.522352 6652 3.828223 455205.339429
1706 757 2991360 3429072928.133141 6236 4.000000 320763.781095
1707 758 0 0.000000 0 -nan 0.000000
1708 759 0 0.000000 0 -nan 0.000000
1714 760 0 0.000000 0 -nan 0.000000
1715 761 32086876 3026445274.030932 84683 3.803338 28041.042484
1716 762 0 0.000000 0 -nan 0.000000
1717 763 630752 381715543.663205 1774 3.991603 21188.158890
1723 764 0 0.000000 0 -nan 0.000000
1724 765 3023776 3558227624.865332 6496 3.823434 305939.343690
1725 766 629584 527152190.511287 2218 3.436563 83539.011616
1726 767 628800 508476087.219999 1746 3.982862 111911.414860
1732 768 0 0.000000 0 -nan 0.000000
1733 769 0 0.000000 0 -nan 0.000000
1734 770 0 0.000000 0 -nan 0.000000
1735 771 0 0.000000 0 -nan 0.000000
1741 772 0 0.000000 0 -nan 0.000000
1742 773 0 0.000000 0 -nan 0.000000
1743 774 0 0.000000 0 -nan 0.000000
1744 775 0 0.000000 0 -nan 0.000000
1750 776 0 0.000000 0 -nan 0.000000
1751 777 0 0.000000 0 -nan 0.000000
1752 778 761376 458740992.885010 2738 3.223971 31452.945034
1753 779 2991360 3154909759.384984 6236 3.836060 315585.015412
1759 780 0 0.000000 0 -nan 0.000000
1760 781 0 0.000000 0 -nan 0.000000
1761 782 0 0.000000 0 -nan 0.000000
1762 783 0 0.000000 0 -nan 0.000000
1768 784 0 0.000000 0 -nan 0.000000
1769 785 32489448 2935275574.584365 80477 4.000000 177670.224337
1770 786 3023776 2720851509.159811 6496 3.822337 223422.564942
1771 787 0 0.000000 0 -nan 0.000000
1777 788 0 0.000000 0 -nan 0.000000
1778 789 0 0.000000 0 -nan 0.000000
1779 790 3023776 3991185088.481327 6496 3.829873 299452.997609
1780 791 0 0.000000 0 -nan 0.000000
1786 792 0 0.000000 0 -nan 0.000000
1787 793 0 0.000000 0 -nan 0.000000
1788 794 0 0.000000 0 -nan 0.000000
1789 795 32512656 2795817556.257404 84082 3.884183 0.000000
1795 796 629616 443514336.933647 1980 3.803360 29783.919034
1796 797 637312 459661825.319393 2064 3.790073 28804.438863
1797 798 633632 401191012.039064 2220 3.443311 36058.184722
1798 799 506272 334379689.132126 1682 3.960961 45361.055819
1804 800 0 0.000000 0 -nan 0.000000
1805 801 0 0.000000 0 -nan 0.000000
1806 802 0 0.000000 0 -nan 0.000000
1807 803 0 0.000000 0 -nan 0.000000
1813 804 0 0.000000 0 -nan 0.000000
1814 805 0 0.000000 0 -nan 0.000000
1815 806 0 0.000000 0 -nan 0.000000
1816 807 0 0.000000 0 -nan 0.000000
1822 808 0 0.000000 0 -nan 0.000000
1823 809 0 0.000000 0 -nan 0.000000
1824 810 0 0.000000 0 -nan 0.000000
1825 811 0 0.000000 0 -nan 0.000000
1831 812 32472632 2962159224.534883 80482 3.845890 2906.309778
1832 813 0 0.000000 0 -nan 0.000000
1833 814 0 0.000000 0 -nan 0.000000
1834 815 0 0.000000 0 -nan 0.000000
1840 816 0 0.000000 0 -nan 0.000000
1841 817 2991360 3549981290.469195 6236 3.995910 251926.378220
1842 818 0 0.000000 0 -nan 0.000000
1843 819 0 0.000000 0 -nan 0.000000
1849 820 0 0.000000 0 -nan 0.000000
1850 821 36248328 3144418252.819442 91859 3.368935 10.215758
1851 822 0 0.000000 0 -nan 0.000000
1852 823 33726884 3181033388.385062 83569 3.506097 36042.598261
1858 824 2991360 3003332015.295003 6236 3.988285 210515.302528
1859 825 0 0.000000 0 -nan 0.000000
1860 826 632080 375587807.440610 2038 3.995751 39851.262602
1861 827 503040 270981323.361102 1504 3.761537 89366.706226
1867 828 0 0.000000 0 -nan 0.000000
1868 829 630656 321688093.655845 2078 3.973393 29671.189570
1869 830 3045248 3296395323.101092 6652 3.835158 327035.112653
1870 831 0 0.000000 0 -nan 0.000000
1876 832 32909292 2758821041.916186 85428 3.374422 0.000000
1877 833 0 0.000000 0 -nan 0.000000
1878 834 0 0.000000 0 -nan 0.000000
1879 835 0 0.000000 0 -nan 0.000000
1885 836 766912 403435087.164627 2898 3.823757 22046.414028
1886 837 0 0.000000 0 -nan 0.000000
1887 838 0 0.000000 0 -nan 0.000000
1888 839 0 0.000000 0 -nan 0.000000
1894 840 32504460 2930266790.447939 80609 4.000000 19633.598834
1895 841 0 0.000000 0 -nan 0.000000
1896 842 760544 410197065.470910 2274 3.521912 25149.643759
1897 843 32505128 3118517201.099720 80581 4.000000 19938.795270
1903 844 38747032 3663555000.493410 96728 3.715102 15642.445058
1904 845 0 0.000000 0 -nan 0.000000
1905 846 506320 202140364.639564 1650 3.753611 14589.577044
1906 847 0 0.000000 0 -nan 0.000000
1912 848 0 0.000000 0 -nan 0.000000
1913 849 0 0.000000 0 -nan 0.000000
1914 850 503840 201801219.509635 1590 3.524448 12183.087073
1915 851 758848 310369905.909369 2330 3.672153 20708.963314
1921 852 0 0.000000 0 -nan 0.000000
1922 853 506112 194156221.182061 1602 3.759708 20154.927143
1923 854 504656 223441958.161706 1632 3.521836 15009.496217
1924 855 505744 228748200.951037 1610 3.748640 14938.554198
1930 856 0 0.000000 0 -nan 0.000000
1931 857 636784 314167936.787108 1982 3.962179 17741.078538
1932 858 0 0.000000 0 -nan 0.000000
1933 859 33341032 3181592551.857485 86894 3.749065 33199.875161
1939 860 0 0.000000 0 -nan 0.000000
1940 861 0 0.000000 0 -nan 0.000000
1941 862 0 0.000000 0 -nan 0.000000
1942 863 32488240 4199750566.315494 82008 3.641907 13930.888732
1948 864 0 0.000000 0 -nan 0.000000
1949 865 2991360 2789072033.689946 6236 3.666919 251274.398546
1950 866 0 0.000000 0 -nan 0.000000
1951 867 0 0.000000 0 -nan 0.000000
1957 868 627184 304392539.435706 1922 3.804539 50332.181044
1958 869 32073304 2681373537.523570 84725 3.631469 48125.364834
1959 870 0 0.000000 0 -nan 0.000000
1960 871 0 0.000000 0 -nan 0.000000
1966 872 0 0.000000 0 -nan 0.000000
1967 873 0 0.000000 0 -nan 0.000000
1968 874 0 0.000000 0 -nan 0.000000
1969 875 0 0.000000 0 -nan 0.000000
1975 876 0 0.000000 0 -nan 0.000000
1976 877 762960 407758558.084642 2638 3.841265 19976.376270
1977 878 0 0.000000 0 -nan 0.000000
1978 879 626448 397777137.242004 1722 3.963243 33957.219859
1984 880 32504220 3210028758.755665 80568 3.685641 178521.785432
1985 881 0 0.000000 0 -nan 0.000000
1986 882 32925724 3201579601.281122 85448 4.000000 276957.513867
1987 883 2991360 2632614715.801032 6236 3.991820 367535.890513
1993 884 636000 338892472.149075 2076 3.619454 45035.837652
1994 885 769488 492657966.028540 2646 3.782222 46027.186133
1995 886 756064 537207083.133518 2192 3.678215 30289.066738
1996 887 0 0.000000 0 -nan 0.000000
2002 888 0 0.000000 0 -nan 0.000000
2003 889 0 0.000000 0 -nan 0.000000
2004 890 0 0.000000 0 -nan 0.000000
2005 891 374336 173143317.734016 1112 3.995476 18239.673632
2011 892 32905348 3156936352.513330 81992 3.848078 154615.211126
2012 893 767888 431229444.668670 2784 3.686335 28088.532984
2013 894 0 0.000000 0 -nan 0.000000
2014 895 0 0.000000 0 -nan 0.000000
2020 896 0 0.000000 0 -nan 0.000000
2021 897 0 0.000000 0 -nan 0.000000
2022 898 0 0.000000 0 -nan 0.000000
2023 899 3023776 2834631892.549511 6496 3.993213 249958.372912
2029 900 0 0.000000 0 -nan 0.000000
2030 901 36263460 3828252281.020203 91963 3.650541 0.000000
2031 902 0 0.000000 0 -nan 0.000000
2032 903 0 0.000000 0 -nan 0.000000
2038 904 33745704 4332113468.956816 83687 4.000000 452133.179929
2039 905 0 0.000000 0 -nan 0.000000
2040 906 3023776 2946892640.651429 6496 3.833367 247316.336065
2041 907 2947584 3195234249.496455 5820 4.000000 587708.480007
2047 908 0 0.000000 0 -nan 0.000000
2048 909 39173636 4643592441.435003 100853 3.851606 5472.057622
2049 910 507968 253551972.082354 1632 3.507270 60126.611221
2050 911 0 0.000000 0 -nan 0.000000
2056 912 0 0.000000 0 -nan 0.000000
2057 913 0 0.000000 0 -nan 0.000000
2058 914 633792 300699294.285966 2036 3.605362 32390.829959
2059 915 0 0.000000 0 -nan 0.000000
2065 916 0 0.000000 0 -nan 0.000000
2066 917 2991360 3470125556.180587 6236 3.995355 357714.021013
2067 918 774320 519187838.964059 3190 3.508168 116087.318641
2068 919 2991360 3315712111.449055 6236 3.665051 313098.445269
2074 920 0 0.000000 0 -nan 0.000000
2075 921 505824 225682677.345877 1570 3.736712 20780.793410
2076 922 507824 279236926.626055 1726 3.759848 27495.130190
2077 923 33751788 3108695448.631754 83649 3.254463 47963.592505
2083 924 0 0.000000 0 -nan 0.000000
2084 925 501568 246497492.106685 1444 3.508541 33688.827449
2085 926 0 0.000000 0 -nan 0.000000
2086 927 0 0.000000 0 -nan 0.000000
2092 928 0 0.000000 0 -nan 0.000000
2093 929 0 0.000000 0 -nan 0.000000
2094 930 0 0.000000 0 -nan 0.000000
2095 931 631856 312480935.603724 1844 3.243973 18587.745379
2101 932 0 0.000000 0 -nan 0.000000
2102 933 0 0.000000 0 -nan 0.000000
2103 934 0 0.000000 0 -nan 0.000000
2104 935 0 0.000000 0 -nan 0.000000
2110 936 0 0.000000 0 -nan 0.000000
2111 937 0 0.000000 0 -nan 0.000000
2112 938 0 0.000000 0 -nan 0.000000
2113 939 32504832 3144576353.722013 80543 3.845834 0.000000
2119 940 2991360 3192470652.249440 6236 3.660961 324937.566694
2120 941 756128 481789115.959636 2262 3.677074 29606.812225
2121 942 0 0.000000 0 -nan 0.000000
2122 943 0 0.000000 0 -nan 0.000000
2128 944 36249024 3168089154.761172 91890 3.862051 30282.677627
2129 945 759024 447851668.142828 2276 3.825279 37024.600905
2130 946 0 0.000000 0 -nan 0.000000
2131 947 636928 422353269.235157 2184 3.985533 53211.210109
2137 948 0 0.000000 0 -nan 0.000000
2138 949 3045248 3863811435.622071 6652 3.666848 314673.288543
2139 950 2991360 3536738040.175154 6236 3.827880 262212.120828
2140 951 635664 411421883.362842 2276 3.798964 50935.522768
2146 952 34567788 3675175571.358913 89328 3.241901 3847.430860
2147 953 0 0.000000 0 -nan 0.000000
2148 954 0 0.000000 0 -nan 0.000000
2149 955 0 0.000000 0 -nan 0.000000
2155 956 2991360 2898181818.734802 6236 3.657981 403638.759178
2156 957 0 0.000000 0 -nan 0.000000
2157 958 621584 376976700.952009 1706 3.788128 69243.012306
2158 959 627536 462838120.060113 1994 3.804985 110766.270652
2164 960 2991360 3317570353.458151 6236 3.828435 266186.268692
2165 961 0 0.000000 0 -nan 0.000000
2166 962 633312 419011756.942467 2030 3.803301 52803.737993
2167 963 0 0.000000 0 -nan 0.000000
2173 964 0 0.000000 0 -nan 0.000000
2174 965 630160 340924785.970153 1930 3.800199 44167.691303
2175 966 39596272 3949483685.132184 101494 3.873844 58312.405366
2176 967 629424 331725156.330672 1796 3.438927 72732.804206
2182 968 633328 358997851.566822 1970 3.987437 25312.451524
2183 969 0 0.000000 0 -nan 0.000000
2184 970 0 0.000000 0 -nan 0.000000
2185 971 0 0.000000 0 -nan 0.000000
2191 972 2947584 3288160891.180850 5820 3.833333 270429.345358
2192 973 0 0.000000 0 -nan 0.000000
2193 974 0 0.000000 0 -nan 0.000000
2194 975 764400 521467776.188038 2702 3.535592 66582.681920
2200 976 632528 355062471.972386 1992 3.604773 34137.615499
2201 977 0 0.000000 0 -nan 0.000000
2202 978 0 0.000000 0 -nan 0.000000
2203 979 0 0.000000 0 -nan 0.000000
2209 980 0 0.000000 0 -nan 0.000000
2210 981 0 0.000000 0 -nan 0.000000
2211 982 0 0.000000 0 -nan 0.000000
2212 983 0 0.000000 0 -nan 0.000000
2218 984 0 0.000000 0 -nan 0.000000
2219 985 764800 506504601.800020 2590 3.821155 36211.492338
2220 986 0 0.000000 0 -nan 0.000000
2221 987 0 0.000000 0 -nan 0.000000
2227 988 0 0.000000 0 -nan 0.000000
2228 989 633968 384212595.444806 2316 3.623084 123973.779534
2229 990 2991360 3375063951.162729 6236 3.992931 303500.157991
2230 991 0 0.000000 0 -nan 0.000000
2236 992 0 0.000000 0 -nan 0.000000
2237 993 32508192 3199961538.262240 80579 3.845910 30689.079867
2238 994 0 0.000000 0 -nan 0.000000
2239 995 0 0.000000 0 -nan 0.000000
2245 996 0 0.000000 0 -nan 0.000000
2246 997 3023776 2969681713.083710 6496 3.992464 198673.232383
2247 998 509680 211804738.480091 1818 3.503837 13294.256049
2248 999 0 0.000000 0 -nan 0.000000
2254 1000 2991360 2508648858.670104 6236 3.835505 305565.422067
2255 1001 0 0.000000 0 -nan 0.000000
2256 1002 0 0.000000 0 -nan 0.000000
2257 1003 643248 341851135.683353 2676 3.430517 27891.027944
2263 1004 0 0.000000 0 -nan 0.000000
2264 1005 630592 247329954.647344 1942 3.799284 16053.347632
2265 1006 0 0.000000 0 -nan 0.000000
2266 1007 0 0.000000 0 -nan 0.000000
2272 1008 0 0.000000 0 -nan 0.000000
2273 1009 0 0.000000 0 -nan 0.000000
2274 1010 0 0.000000 0 -nan 0.000000
2275 1011 36259468 3372515875.958925 91917 3.861951 0.000000
2281 1012 0 0.000000 0 -nan 0.000000
2282 1013 628784 303745065.653667 1808 3.435405 38792.942815
2283 1014 0 0.000000 0 -nan 0.000000
2284 1015 0 0.000000 0 -nan 0.000000
2290 1016 0 0.000000 0 -nan 0.000000
2291 1017 761840 394422682.555872 2700 3.675821 31783.054623
2292 1018 32501204 3161922687.477443 80568 4.000000 8489.463230
2293 1019 773168 438695724.709439 2812 3.516274 24413.727971
2299 1020 505872 228551646.464137 1538 3.965641 16392.952677
2300 1021 0 0.000000 0 -nan 0.000000
2301 1022 771728 417084134.961794 3086 3.526689 28196.800370
2302 1023 0 0.000000 0 -nan 0.000000
2308 1024 0 0.000000 0 -nan 0.000000
2309 1025 0 0.000000 0 -nan 0.000000
2310 1026 0 0.000000 0 -nan 0.000000
2311 1027 3023776 2937139838.635085 6496 3.512777 278388.704154
2317 1028 0 0.000000 0 -nan 0.000000
2318 1029 2947584 3294384782.741486 5820 3.500000 361355.696081
2319 1030 0 0.000000 0 -nan 0.000000
2320 1031 0 0.000000 0 -nan 0.000000
2326 1032 2991360 3046338427.601366 6236 3.501111 257059.924390
2327 1033 0 0.000000 0 -nan 0.000000
2328 1034 38753880 3757523289.829208 96717 3.805253 415919.866218
2329 1035 758992 437341722.842977 2742 3.830119 73519.666612
2335 1036 3023776 3223464722.004885 6496 3.992464 277499.337784
2336 1037 0 0.000000 0 -nan 0.000000
2337 1038 502912 259419829.710747 1472 3.997499 36006.377156
2338 1039 0 0.000000 0 -nan 0.000000
2344 1040 32923360 4039540213.057544 85516 3.690497 73976.678262
2345 1041 3023776 3090002125.335328 6496 3.501198 250915.590833
2346 1042 0 0.000000 0 -nan 0.000000
2347 1043 32064632 3546435565.873520 84608 3.425122 140774.993432
2353 1044 504304 215412609.533480 1404 3.754726 32062.536417
2354 1045 2947584 3082773468.958911 5820 3.666667 238415.252305
2355 1046 0 0.000000 0 -nan 0.000000
2356 1047 36240660 3930673406.163909 91839 3.794196 209780.136943
2362 1048 0 0.000000 0 -nan 0.000000
2363 1049 0 0.000000 0 -nan 0.000000
2364 1050 0 0.000000 0 -nan 0.000000
2365 1051 0 0.000000 0 -nan 0.000000
2371 1052 763408 408472559.793172 2760 3.674947 32668.233494
2372 1053 0 0.000000 0 -nan 0.000000
2373 1054 0 0.000000 0 -nan 0.000000
2374 1055 379872 204935020.705918 1122 3.667218 14745.025429
