# Format <LP ID> <Group ID> <Router ID> <Link traffic per router port(s)># Router ports in the order: 8 local channels, 4 global channels 

 8 0 0 0 11538796 1999680 5742936 749936 12503656 1466496 5112 610776 505664 6353216 264576
 17 0 1 10713260 0 501792 125696 7086416 610288 137544 0 9670188 544 6447168 129464
 26 0 2 1998112 501792 0 749664 523264 1488592 144336 982944 1006144 507656 864616 8800
 35 0 3 5740152 124376 751096 0 792 498072 150792 250712 5200 145864 745248 8840360
 44 0 4 748680 3336696 523264 3339124 0 10503228 122696 5216036 14096 497168 268400 12153768
 53 0 5 12913456 610056 1488848 497848 10910204 0 273424 15464 8480156 851840 8660584 6485100
 62 0 6 1465552 133984 144128 150512 121712 269168 0 136040 242752 508928 975240 249296
 71 0 7 3656 0 982944 249904 5209680 14480 136608 0 11472 503144 503728 5587484
 80 1 0 0 5335956 19194832 15855136 28372912 11399184 10206992 3632 13423812 3895352 12858232 617592
 89 1 1 5332504 0 12413124 1019656 13794316 17976912 5015392 20531816 1606872 255624 995768 10205988
 98 1 2 22540520 11583036 0 4514388 8853556 5208656 620608 5345264 1007928 5445968 857424 11788788
 107 1 3 17094868 1018896 7433220 0 1896696 1981472 7218292 16790684 622480 5140192 15435360 20981728
 116 1 4 24642468 17947072 5111304 1891112 0 136488 10122524 12008440 20288080 6001504 22130444 19963712
 125 1 5 10976420 15901792 5212600 1981560 138200 0 6657068 499120 14676724 16882376 1107240 5339756
 134 1 6 12708072 5424996 621912 7631836 6375084 3752820 0 7436804 1119912 742080 11056304 618288
 143 1 7 2400 18449956 10339592 18858336 10346756 499880 3696316 0 3954008 12201824 1126272 6312440
 152 2 0 0 1976000 7088268 0 994464 502624 1608504 11115452 1005944 6694472 6674900 6109840
 161 2 1 1976000 0 23110948 993888 22423476 12861392 520616 12370952 1009736 560 621760 5818812
 170 2 2 6671432 27264208 0 6187668 10263872 491680 491808 0 10224736 5640256 629496 17501344
 179 2 3 0 993888 6190688 0 638376 491264 5312 5831980 1481952 994304 133464 10712104
 188 2 4 994416 24095452 10259060 637344 0 1256328 2336096 252680 507160 1509584 16679276 20990672
 197 2 5 502624 9965176 491680 491264 1258224 0 1117200 512736 7408 12477020 1123272 622392
 206 2 6 1609336 523272 492048 4808 2340432 1116808 0 138616 1113008 1605520 122648 1224776
 215 2 7 10696876 9450208 0 5006680 5252032 512736 139192 0 494176 128752 4103632 509096
 224 3 0 0 989208 358816 512320 504744 6369592 503456 502536 5792 131840 5252776 122984
 233 3 1 989312 0 875200 1598552 1239336 8790540 664856 143520 625040 10672 7816820 5820212
 242 3 2 364200 878992 0 1344888 369488 260736 504592 373744 1482992 254648 740664 254432
 251 3 3 512320 1598616 1345904 0 10048 7279352 1484320 620264 1105544 4632192 259880 988376
 260 3 4 504320 1236384 367016 8872 0 15204504 734664 132560 621712 503568 5008300 11727552
 269 3 5 5108152 12546704 256440 4363864 15630548 0 611744 253400 130720 612992 625328 127680
 278 3 6 503456 667192 506144 1484320 736752 610208 0 247872 270320 379840 517344 613568
 287 3 7 501760 141992 379064 620304 132192 251464 247168 0 118648 1123024 139408 142048
 296 4 0 0 5001924 1024640 501792 25224 501792 7809912 744376 14176 8955508 5622708 523472
 305 4 1 5000040 0 10713584 0 3341584 7099412 5907476 8605636 12805140 3846644 6028604 5488364
 314 4 2 1024640 10701272 0 416 497128 33248 1003584 4320688 505640 8489892 492016 10222888
 323 4 3 501792 0 416 0 127464 4994472 501792 124184 620104 6856 491504 5133864
 332 4 4 25328 7093472 495480 125360 0 5216840 17330444 753176 11894688 5723480 3345028 5709748
 341 4 5 3832692 3353220 33248 5000704 5225692 0 10153236 15288516 5721268 7173348 5519972 5515880
 350 4 6 6974732 5488384 1003584 501792 17330552 12659528 0 5230336 7171252 11592 11648040 11744
 359 4 7 746808 4868152 8481336 122376 755584 16960852 5227764 0 160 5329500 3682532 1004848
 368 5 0 0 17152268 15423496 4999916 10222548 8882784 6919740 11162916 5143072 8712 16276964 12528
 377 5 1 14671160 0 491680 4672 519344 1496160 25800 376272 17157292 1110208 616104 125408
 386 5 2 15410616 491680 0 120504 8552948 5005844 255016 130920 9208 3967128 248392 11170048
 395 5 3 4997840 4192 119824 0 133520 259792 7865136 132664 131448 492872 8882764 18024
 404 5 4 10216072 520448 5217036 137272 0 732184 10778440 130864 9054064 10822064 5217680 5215484
 413 5 5 5128772 1496856 5420368 259176 732192 0 4068568 740680 8994032 856704 12634260 495400
 422 5 6 12341312 23064 256280 4118068 10773584 8227060 0 260928 3414240 247200 3455668 135384
 431 5 7 13668500 378360 130792 130592 130104 740568 260168 0 505032 5952276 123640 5467144
 440 6 0 0 237592 250880 3347352 623616 5946108 11600 7088 241456 651528 12709800 496352
 449 6 1 237280 0 731776 10992 630192 12112092 497368 480208 1122008 5127868 4363724 129112
 458 6 2 250176 728696 0 624128 1496096 3953312 1003584 6032 1114256 620720 1728408 4406304
 467 6 3 7503660 10984 623224 0 16531076 746672 6791820 139832 269536 1227392 509512 501136
 476 6 4 624752 633600 1496096 11529592 0 3879000 1004832 516680 7174124 10443592 5272648 144304
 485 6 5 5950464 8782384 4785592 748064 4294576 0 1141792 503376 5497636 16704 133328 5350996
 494 6 6 9944 498016 1003584 15945844 1004832 1143072 0 502800 4022232 1014048 135200 3773216
 503 6 7 7416 480840 4672 135872 517056 503440 502608 0 3176 122336 1512456 123600
 512 7 0 0 131712 8664588 5629748 3460424 10459500 18208 12144 11056 616128 5540892 12200
 521 7 1 130472 0 10207116 982528 4293160 126360 122712 3338040 5613016 5452768 492496 131752
 530 7 2 5335156 10618964 0 491264 125392 131552 120224 0 495616 8780864 5118836 5343820
 539 7 3 5627484 982528 491264 0 740408 613880 123488 0 120992 247648 120312 5143808
 548 7 4 7199640 5125120 127816 739264 0 375408 356880 127880 208 734728 3457644 4405240
 557 7 5 10463888 124896 128864 613640 373784 0 21160 485824 503984 5338956 240392 5004144
 566 7 6 18912 121408 120288 123952 357424 19136 0 127648 3928 976 116168 14976
 575 7 7 12536 3749512 0 0 126880 482488 127576 0 7856 134464 3588400 361120
 584 8 0 0 743264 8814364 235512 5251736 10760820 251024 5998756 506152 504480 3470392 500656
 593 8 1 743720 0 5844612 1109008 134656 10630088 746168 6110576 6806312 136160 126200 5500664
 602 8 2 5479264 5843648 0 495800 125664 256848 999104 1232560 10032276 5855564 492728 253208
 611 8 3 236264 1110112 496224 0 251360 288 256544 517960 134768 1131280 375656 736000
 620 8 4 5251728 3465020 124768 253472 0 244888 1113800 1009920 5626236 626352 640800 742112
 629 8 5 10340820 10214148 255328 288 242368 0 8536 1004000 9240 16693148 6039000 163096
 638 8 6 254616 744192 1005000 256608 1113824 8088 0 1273640 647688 372704 130968 735904
 647 8 7 6001120 6109620 1233920 516968 1009776 1004000 1273208 0 617280 142312 745920 10631408
 656 9 0 0 7754672 16624 22744 1408 6371532 3656 606944 448 135096 10137408 363816
 665 9 1 5255956 0 643144 6314116 7501916 6741184 5421908 5700672 254016 1115088 1109552 253256
 674 9 2 16176 643288 0 366216 1029104 1112456 131688 503376 560 122480 119152 363856
 683 9 3 22304 6311004 369080 0 495264 992784 1248 500376 9496 1226384 123232 5215172
 692 9 4 1344 6679672 1030032 495856 0 8332700 0 13312 507680 6414568 7518012 7522436
 701 9 5 5113176 5494080 1112440 992424 12919124 0 0 10917156 1112360 11743168 1102136 509872
 710 9 6 4368 4999912 130248 1248 0 0 0 288 5551640 1080 144 6264
 719 9 7 607136 5704664 502672 500104 15416 14259308 384 0 5455852 614664 11394196 137920
 728 10 0 0 503848 24352 754032 497592 6739472 1475448 5028732 506624 5862100 8888116 1235088
 737 10 1 506008 0 5211692 244112 129472 236608 483816 5615976 5452984 124544 613672 5614388
 746 10 2 3360000 5216800 0 357352 614832 10347852 14184504 10218588 6469416 5472236 129360 133040
 755 10 3 754728 243280 353264 0 131280 5131152 150680 5226268 254896 749016 138408 10456468
 764 10 4 498392 129888 615728 128680 0 9121888 509016 5483104 4329468 11968 7799144 620112
 773 10 5 6748084 238128 11178892 5131060 4959816 0 249808 10735896 7702816 635224 523440 5576916
 782 10 6 1476744 484424 17097608 147272 509720 248400 0 1720408 620320 1354504 11824224 3851684
 791 10 7 5442028 5620108 10640536 5224088 8397776 11153552 1724104 0 5451320 1105280 244192 15024160
 800 11 0 0 514168 126328 497488 250800 261216 511016 15512 144152 1132768 135128 137744
 809 11 1 513904 0 5702888 8264880 6491316 10641728 1241144 1976000 5137904 1225480 18440 987040
 818 11 2 125640 5699740 0 517248 243904 245896 18624 742920 994736 752280 10456 5346428
 827 11 3 494944 5351856 517968 0 857848 251712 1112712 622792 7546012 1111200 616232 249832
 836 11 4 249912 6504532 245856 854664 0 244248 250720 749864 9232 5722540 629232 1605408
 845 11 5 263000 10215628 245728 250608 247248 0 1350456 504112 488064 11764944 503072 10560
 854 11 6 511088 1237632 18232 1111528 253584 1349792 0 625600 1224616 622688 614792 987632
 863 11 7 16176 1976000 743800 621776 746800 504096 626056 0 247976 993184 640000 364152
 872 12 0 0 993056 8119684 3392 524560 0 1997056 613592 497728 626648 3825192 143528
 881 12 1 993056 0 8958352 8872156 1115232 416 2468096 989760 11420816 5992152 846504 7578572
 890 12 2 3953012 18117632 0 18827468 5341392 18197264 9490584 23664 1510744 11520 5591744 8200
 899 12 3 3384 5115440 24230140 0 5691216 192 4808352 4426828 503592 5734312 11176376 3169972
 908 12 4 525456 1116056 5343092 5688952 0 131520 2020600 1271656 5721448 1516624 6214768 1747440
 917 12 5 0 416 14042328 144 132520 0 993472 1115816 10822712 7749372 875696 990392
 926 12 6 1997056 2468096 13236324 5223316 2020096 993472 0 2500032 10027000 1010576 4763908 507856
 935 12 7 611744 987632 20024 5267880 1267496 1115840 2499888 0 737008 4178056 2370432 506288
 944 13 0 0 241120 16820712 5218196 376216 5830944 742728 734128 850704 16274848 5363568 5829132
 953 13 1 241176 0 11326776 5141024 5726388 7890588 1494448 611488 14805564 10486880 138888 5908956
 962 13 2 15578808 10493084 0 5212284 4125808 9046180 5001452 48 9580164 635032 132360 7082452
 971 13 3 5211308 5976988 5209684 0 3597916 15840332 1225088 10212320 613200 11335632 7105148 3970376
 980 13 4 376920 5727644 7039836 7752492 0 870704 252136 999288 4252804 3591388 995576 5709436
 989 13 5 5824192 4978616 9889604 14571212 871872 0 507840 6107824 855800 14321292 747824 4672
 998 13 6 743808 1493664 3504 1226560 248840 507664 0 614992 17080 250048 5504188 616752
 1007 13 7 735704 611864 48 10635536 1001688 1106480 612488 0 5333192 10255032 736408 8416
 1016 14 0 0 625464 982944 512784 386792 1975584 32832 416 507464 374784 500496 137856
 1025 14 1 628944 0 255096 494112 253744 748080 518128 128552 741544 1056 136752 993864
 1034 14 2 982944 256840 0 255848 491432 993472 982944 0 1605472 1354080 751184 248976
 1043 14 3 510648 492392 253288 0 136232 750704 19880 130808 383128 620216 853064 251792
 1052 14 4 390976 252232 491648 137856 0 138176 1016144 9176 11616 1009864 137024 125152
 1061 14 5 1975584 746592 993472 748880 143712 0 1484736 416 248360 247256 623456 1980832
 1070 14 6 32832 516496 982944 23152 1018504 1484736 0 523264 1013152 498208 33704 29432
 1079 14 7 416 129000 0 131704 9200 416 523264 0 592 6640 538312 246808
 1088 15 0 0 5217276 0 5528 118392 1012024 0 5120 501600 142672 5214252 502096
 1097 15 1 5218240 0 133584 1727856 5509856 22873724 4944 10781640 10126416 615368 11679192 12082552
 1106 15 2 0 131960 0 854480 504184 15761696 0 5459428 129448 1107368 256272 15808476
 1115 15 3 4544 1727104 853944 0 1613648 11702224 11576 4048 1122384 993504 7152496 5849116
 1124 15 4 119936 5511236 505336 1612232 0 5418640 127360 9052176 5340880 5021904 5240820 7724452
 1133 15 5 1012520 22864700 10355156 12516768 6263264 0 1816 11947584 8452528 5671324 6060824 125792
 1142 15 6 0 5576 0 11960 126160 1256 0 672 124440 5808 11160 4984
 1151 15 7 4960 12029448 5452428 3552 12799520 6107720 624 0 135240 990064 5609980 11264
 1160 16 0 0 5862420 3768376 20641772 7614004 5360728 6422700 994864 6765144 7215676 14144048 504776
 1169 16 1 11688644 0 244120 10115148 5128028 138424 9120 993392 10774712 13900116 500136 986040
 1178 16 2 3351588 241832 0 16029876 10214924 5692456 9175840 18520 3753292 5141212 8914608 15461372
 1187 16 3 23135932 13874284 9360204 0 11048632 26579068 17087664 15434612 6509372 136328 10546536 11312836
 1196 16 4 3447420 5544856 16885052 10209772 0 3342812 5210608 5989672 6454372 7993268 5211448 123240
 1205 16 5 5361776 137816 5698440 31172552 7078560 0 370200 1746328 11267320 6194720 7653688 8723748
 1214 16 6 6422832 9784 5003636 14596596 5209556 377128 0 983520 8554820 499624 12228972 17487244
 1223 16 7 995320 993296 17648 15854656 5992824 5078736 983424 0 5121228 5211832 511672 10349132
 1232 17 0 0 1479168 123712 416 11164416 495040 0 1104176 5620180 126528 499960 5332256
 1241 17 1 1479608 0 625824 1718520 12014680 129808 648896 5135660 996400 1112248 501840 15688864
 1250 17 2 123560 630600 0 4152 135752 369992 491712 249736 622480 612832 17424 244040
 1259 17 3 416 1724512 5000 0 7659256 143208 1474208 7601308 4067856 3354188 7189112 632216
 1268 17 4 10342016 10343908 131704 7659948 0 242752 7878728 5005660 5616192 851208 5624580 504240
 1277 17 5 495088 129528 373712 141224 243952 0 122056 256840 615680 137488 5456 250904
 1286 17 6 0 650832 491616 1474208 4973632 124408 0 6179148 7270908 139536 5471220 970416
 1295 17 7 1104512 5129792 249456 7193888 5005860 256096 6183292 0 491992 12100716 127512 256384
 1304 18 0 0 755456 283576 491416 895832 135216 2337720 9287964 862840 488568 5582984 150312
 1313 18 1 755056 0 618008 619024 259768 20496 143352 1236288 858168 120120 19656 15664
 1322 18 2 282408 616040 0 1560 139640 4280 136152 127616 632760 132216 19704 138688
 1331 18 3 489136 620848 1776 0 262856 122824 146472 123672 743448 12712 390344 5896
 1340 18 4 890160 264392 140632 264720 0 374904 387256 5463276 492064 5593436 14424 259296
 1349 18 5 133664 20520 4288 123464 377680 0 124640 9581604 249336 134784 5253864 7643472
 1358 18 6 2335536 144192 138088 147784 394128 126176 0 5263440 1726480 751024 5004992 130784
 1367 18 7 5959552 1233184 127312 123520 5456992 12497596 5260640 0 5536792 258024 1358304 1003960
 1376 19 0 0 5329740 268680 1230448 983008 131576 492168 5219320 747624 375392 10542328 1616
 1385 19 1 5336128 0 4380716 17732052 10458864 14422056 606160 20751808 17100956 125528 7189144 13330964
 1394 19 2 266488 7292004 0 153648 1228600 3990748 1616064 244368 132856 138680 390160 10544320
 1403 19 3 1233072 16903504 155520 0 122184 5345700 133552 362288 263040 616016 11144268 12298272
 1412 19 4 982864 17950196 1225232 122696 0 10859512 121944 5453172 491696 9508256 21756880 129608
 1421 19 5 132864 10674984 6907340 5337636 10440112 0 9552 17096124 12628556 3362668 5015808 241760
 1430 19 6 492272 606264 1612272 133096 121136 9136 0 370240 510656 853904 989200 254488
 1439 19 7 5210164 21602712 244976 366224 8792988 15009704 368424 0 122224 5491044 5342360 5358700
 1448 20 0 0 9352 153608 366696 506808 5342196 248264 248016 270832 640768 5213660 123824
 1457 20 1 9632 0 22215532 12707188 129416 15277320 6063980 19910764 21288840 3355972 5625808 130248
 1466 20 2 154088 20132908 0 5941324 1003488 3345144 11167456 20696432 16676984 4884360 10464 6614136
 1475 20 3 364512 10216900 5948956 0 747336 5241264 624600 5375588 5008784 628808 24658896 241688
 1484 20 4 506456 129488 1001184 746440 0 5721772 2490432 3572992 7096784 6209456 1105168 1000160
 1493 20 5 5342596 18185172 3552 5239732 5716476 0 1040456 5425116 5217212 994848 639576 26736
 1502 20 6 248624 10636264 10751032 621400 2489968 1038808 0 623384 277408 139520 11866784 5967656
 1511 20 7 251448 12003080 20691672 5797316 7325284 4999556 623400 0 7196532 5240636 6778976 17920
 1520 21 0 0 988608 983120 1613728 8881964 11993828 509648 983384 12402544 5619368 4740472 15296
 1529 21 1 987536 0 7752 1130160 7336 124448 243776 122520 1108664 1102480 6176 22152
 1538 21 2 983024 7536 0 535400 5138612 5003380 130128 122544 1124816 521912 6497016 5012928
 1547 21 3 1612448 1132128 535424 0 7055860 1745856 1019744 1114464 623248 503096 5845796 597152
 1556 21 4 12197708 8704 5128896 7882484 0 8457288 368560 10789124 528296 879536 639248 242320
 1565 21 5 9092052 121656 6246228 1747664 7617592 0 5208320 7088816 8892020 746472 243168 8486820
 1574 21 6 509768 245144 132472 1018360 364120 5204004 0 129936 132928 625048 5714548 632144
 1583 21 7 976176 122712 123056 1114240 10782568 3343632 129464 0 240872 6072892 631744 12786852
 1592 22 0 0 7324520 12296 7415216 23531384 12662296 3883096 5456784 977024 132920 9320148 3764136
 1601 22 1 3584488 0 5019816 10471184 10840448 5445680 9179768 15168 11478232 240 5468344 5211500
 1610 22 2 11000 5018400 0 9822772 12536304 120064 993056 416 121528 10996328 5012252 12301516
 1619 22 3 4498252 10868452 13577068 0 7709672 5751948 151840 126096 518848 616488 988960 373904
 1628 22 4 20191520 11259392 11702432 7705504 0 613192 492096 491680 12900456 8510916 11028668 19133156
 1637 22 5 8915856 5454800 118504 6993172 5607496 0 9912 7072 7198376 508272 5711004 10569684
 1646 22 6 6805476 5018632 993056 155424 492096 8344 0 0 3467360 33112 11183776 25216
 1655 22 7 10454588 12448 416 124488 491680 7816 0 0 118672 11136 17512 5949392
 1664 23 0 0 17112 1127984 1489624 1496472 2963096 627704 1375240 503792 744368 509312 987360
 1673 23 1 17832 0 1222784 631224 5340044 2452216 5232612 371704 1129240 11403408 127984 1482904
 1682 23 2 1128216 1226632 0 610416 6191452 21472 10621228 732728 4927844 246656 1358920 8957380
 1691 23 3 1488136 628608 612880 0 4130344 513824 5376580 1364824 139464 639192 5346900 4097108
 1700 23 4 1497944 5343948 6187944 3723336 0 2012272 8049056 5412156 5765516 2370040 6354232 2112288
 1709 23 5 2963800 2456728 21472 514088 2012040 0 6516244 151112 124656 735704 629128 6721376
 1718 23 6 629368 5239100 8531180 5379204 5123648 6111320 0 3919088 1510904 538904 5019272 143480
 1727 23 7 1372840 378104 734312 1367752 6251436 151144 3506860 0 3996888 4771312 1122464 148264
 1736 24 0 0 0 629864 0 12783692 502208 5007016 137760 261720 500280 505032 14045916
 1745 24 1 0 0 5544 0 5704640 832 0 611528 616120 363168 5328504 7656
 1754 24 2 630024 5640 0 253168 10032168 2969960 13553796 885688 6528312 1228384 149952 15626816
 1763 24 3 0 0 254056 0 10944 416 0 133584 121064 138240 1776 134232
 1772 24 4 9043728 5699716 10441848 10944 0 4342036 502624 6472508 523376 145304 123520 247032
 1781 24 5 502208 832 2967824 416 1004416 0 10229416 855040 12808 5827564 15328 10057892
 1790 24 6 5000704 0 10640724 0 502624 10222632 0 138600 497752 133584 6680416 17624
 1799 24 7 134632 609432 879312 130720 6470372 856392 133976 0 10864 501136 986864 5620768
 1808 25 0 0 0 0 0 491680 4997296 631800 503104 130808 5506012 4314924 8920
 1817 25 1 0 0 0 20399644 10528 10204520 733896 525032 10621060 256224 17366636 5718812
 1826 25 2 0 0 0 0 0 10213372 1225208 129120 5817952 5610484 15856 119656
 1835 25 3 3327756 20825140 0 0 4324576 21865992 623160 5123964 5814912 987280 8341444 7211756
 1844 25 4 491680 10528 0 8068064 0 5499304 611992 1615072 5908392 7170544 128616 131024
 1853 25 5 5002340 11863728 10209920 20614712 9252516 0 5227504 3473960 123144 5487260 22144 11280
 1862 25 6 635856 737576 1225736 621464 613640 5216724 0 1388616 129296 993928 5221716 11680
 1871 25 7 503360 525536 128320 5125636 1613608 7213928 1385736 0 134920 8340400 1483448 125400
 1880 26 0 0 12832 15000900 12196720 125016 10340640 5131784 11029716 8824 253488 15870940 18549772
 1889 26 1 12544 0 122512 7032348 5640 262328 5472964 124424 10130840 362616 243512 119880
 1898 26 2 18755752 123040 0 6793824 16008224 3346372 8680644 26384024 19997820 130544 136784 125776
 1907 26 3 12198964 5368004 6790856 0 5577460 5148616 132392 18539388 257040 5343208 10541616 5455060
 1916 26 4 126424 6456 15597060 5589760 0 368144 6386292 251560 10211324 8752 5360708 10875576
 1925 26 5 10340888 259944 7090380 5973396 367600 0 3479148 130840 10336244 3339412 5019740 486424
 1934 26 6 5536912 5480936 12424344 135648 5134368 137800 0 22213184 3575676 252656 8558956 147024
 1943 26 7 10208300 123536 25546608 12702204 253368 128496 17219780 0 5341668 21220076 11878432 12748360
 1952 27 0 0 5914696 0 1113720 9241852 124240 140072 5495040 5500468 737400 10496272 136696
 1961 27 1 5515980 0 124928 5346184 21167964 4540276 124952 9099228 20995388 5215076 634232 3473424
 1970 27 2 0 122496 0 120896 26123160 132344 48 129968 11541172 10459012 5184 8778488
 1979 27 3 1112992 5349052 120728 0 5252256 165736 365640 7455548 988928 249720 11889948 5552776
 1988 27 4 5488836 18269128 26947644 9013076 0 745864 990912 10927420 5127032 5248952 241624 5015308
 1997 27 5 125568 3716044 133608 162368 748592 0 602472 5710968 17104 4794528 599568 5452972
 2006 27 6 141568 128088 48 364936 991240 605480 0 372304 501632 252272 373504 1092544
 2015 27 7 5491412 8689264 3457924 3713452 10512588 5715932 370032 0 5142580 6691412 4501176 6184
 2024 28 0 0 5228656 983776 5960580 1487328 1001464 390088 1235664 11330096 741536 3459584 245272
 2033 28 1 5232792 0 20705100 8752180 126632 6210192 5425392 7092916 24959476 3358756 504160 129504
 2042 28 2 983776 22368008 0 26116600 1986736 7324456 6348596 7322068 17667636 620152 258536 10458504
 2051 28 3 5135892 12079804 22785616 0 5335540 2092048 5337168 5130496 11304980 1604232 127664 5431912
 2060 28 4 1487248 124848 1986496 5343684 0 25448 5123124 484840 5701140 1752448 999696 7179204
 2069 28 5 1000960 6213220 7322536 2091848 25880 0 507384 999776 5212288 5710916 242688 514088
 2078 28 6 3722596 5008592 7187320 5336432 6799272 506240 0 7144 144808 125632 14547348 5235788
 2087 28 7 1234752 3352304 7727520 4298396 488992 1000600 8320 0 5239176 3982048 5444920 7105204
 2096 29 0 0 10320 240008 1002752 18362164 651272 3342488 1730088 6897068 161272 12462744 6721084
 2105 29 1 7552 0 5207668 729656 9000 40728 0 117472 5345520 511416 250096 11280
 2114 29 2 237232 5211536 0 628984 17954644 261368 10626280 8586736 621936 5577768 3488820 3824996
 2123 29 3 1005512 727840 626920 0 5359104 249448 506200 630136 129896 8144 241216 5452624
 2132 29 4 22520224 10192 13800236 5356908 0 2000456 597376 376584 5508704 990736 25664 514424
 2141 29 5 651520 40864 261976 251600 2002032 0 17619848 520544 495488 3648 6003944 12842940
 2150 29 6 3736 0 10215120 505760 599832 19301280 0 6890156 5353956 1980176 11804224 7125320
 2159 29 7 1728552 117848 12328252 631728 374840 521464 6487800 0 5007388 123288 7129752 3351696
 2168 30 0 0 17383960 124816 1601000 25424 732360 265848 1731632 246560 737440 9576832 18968
 2177 30 1 9472720 0 7217444 484600 11174016 5133964 7743808 751520 616464 6960 976520 11680
 2186 30 2 125840 3473444 0 1355568 15952 245632 146976 610640 1222200 7591980 130024 145112
 2195 30 3 1602208 484032 1350600 0 1223024 616176 141048 16048 614976 987312 254080 1097440
 2204 30 4 27008 10334024 17664 1222952 0 121864 2192 146928 11520 506664 5965124 6076644
 2213 30 5 732200 5553588 246928 617216 121440 0 119640 1118752 134848 615872 631160 6706172
 2222 30 6 266896 4006456 146144 141688 2480 118952 0 146344 7510816 33784 24504 245240
 2231 30 7 1729496 749288 610008 17008 144480 1119984 149672 0 17152 5560 146512 737984
 2240 31 0 0 9046244 5614692 5551328 13562484 126352 20436444 361712 5581896 10634212 13683156 5613236
 2249 31 1 5712024 0 1617048 125328 513504 504736 1340296 272184 6312908 3471404 258000 126480
 2258 31 2 5619112 1618736 0 128064 18494540 384640 5145608 278816 509832 15870668 1005768 8578128
 2267 31 3 5126256 124384 129968 0 3896 124648 606200 138304 139984 362680 5785128 6064
 2276 31 4 17295712 513456 14754636 3968 0 12293384 24120 8488 1005024 503784 14912 3365604
 2285 31 5 130536 505144 383144 126408 8545196 0 12296956 18496 5470740 9864 9041944 7091412
 2294 31 6 23764056 1339424 5571776 605344 19704 8551644 0 493672 125336 248128 5944888 739296
 2303 31 7 364536 272872 280368 136944 9992 18352 495208 0 358448 11048 145392 263840
 2312 32 0 0 501792 5341100 145168 9542516 14314312 491680 27392 609960 504496 14570988 17790444
 2321 32 1 501792 0 6303212 1970368 512320 991112 0 628304 1607648 1112416 500368 5724828
 2330 32 2 5336416 6309064 0 5903644 29279536 5248556 6123880 131368 10640840 5472864 21000 125240
 2339 32 3 142776 1970104 6329068 0 6903500 5831524 1225416 43296 1105048 1112632 10729480 5132816
 2348 32 4 9972868 512320 28032552 6482364 0 30410092 12162132 1100976 11894564 1516432 1106456 5504128
 2357 32 5 18060896 991112 5657876 5838708 32509740 0 288 975344 5239168 15975120 241480 8679384
 2366 32 6 491680 0 6951756 1221536 7156968 192 0 127200 6107488 497368 13278752 245672
 2375 32 7 27800 625744 131176 43696 1102832 972952 126312 0 8168 990152 1121728 262712