# Format <LP ID> <Group ID> <Router ID> <Busy time per router port(s)># Router ports in the order: 8 local channels, 4 global channels 

 8 0 0 0.000000 979957.310553 1649127.974391 835589.123064 1156965.810948 807900.283159 2584241.386208 0.000000 58463.329914 652352.675625 825452.501759 66433.793946
 17 0 1 543953.192624 0.000000 389998.536778 0.000000 0.000000 589328.603895 45155.612646 0.000000 827292.515884 0.000000 372771.639266 10656.097163
 26 0 2 2512488.545527 1057672.489151 0.000000 695275.508878 813355.885485 2412536.539171 26125.650880 1623789.502771 718618.202395 1178393.660415 366933.415460 0.000000
 35 0 3 616505.770192 79526.488555 802439.332727 0.000000 0.000000 155308.469026 5689.595072 125047.717683 0.000000 995.318192 205041.390402 391806.691685
 44 0 4 475752.564185 0.000000 539544.183031 0.000000 0.000000 553117.251492 55031.290596 19310.807413 0.000000 596987.604246 2519.187343 755258.061287
 53 0 5 976957.203914 1032955.711517 1204849.300983 292909.491603 953459.674143 0.000000 121947.104467 0.000000 0.000000 291489.315813 29323.682768 1844513.510055
 62 0 6 929796.520069 66554.691266 157514.550002 58931.278652 61437.630880 83844.114546 0.000000 63539.282333 6546.331978 1096451.837788 622526.589930 89588.969449
 71 0 7 0.000000 0.000000 940243.238769 33771.722519 0.000000 0.000000 21543.913811 0.000000 0.000000 225717.800252 523861.344062 9245.445031
 80 1 0 0.000000 70351.184773 165395.713849 659605.983385 2263052.510232 1044119.494621 0.000000 0.000000 910526.899422 1651.855838 59044.754976 211510.154512
 89 1 1 144827.362544 0.000000 721189.097565 1000145.401002 204221.194748 1532791.912036 58759.509322 215982.883198 1160338.928417 26581.068660 1118206.050217 0.000000
 98 1 2 519596.619583 1135272.641348 0.000000 664221.404562 2441247.652975 35316.056464 1196760.900873 51510.373654 1215849.321496 69801.578118 712819.069161 15914.979578
 107 1 3 704279.528635 1602913.268187 1002523.297854 0.000000 2947102.763130 2567359.748737 3484868.814529 2816853.632457 294665.193838 34149.638560 0.000000 3585.237883
 116 1 4 209530.445942 94996.077108 1011041.060841 1110861.489233 0.000000 73838.363794 69017.036114 65322.598354 322789.845783 841074.090980 25306.344234 788764.947847
 125 1 5 1895941.906208 1919620.523958 0.000000 2339711.675122 18133.161237 0.000000 0.000000 1054151.956628 108295.076130 0.000000 688571.001887 76957.909254
 134 1 6 254389.091128 0.000000 442370.906398 1555147.622386 133925.054102 0.000000 0.000000 269903.193395 892415.704422 279469.758382 611911.388098 225489.380032
 143 1 7 0.000000 168417.685051 93551.076887 1866919.024982 169534.031218 581767.395675 515848.752211 0.000000 685853.513992 860.632187 731876.121178 379579.699338
 152 2 0 0.000000 2038659.368130 0.000000 0.000000 1014119.234763 471076.701679 2459790.560371 970482.811729 1374796.890674 982683.336445 0.000000 1534048.095804
 161 2 1 3336548.621386 0.000000 1471449.515202 1558446.768674 3121543.005538 1369327.969560 1428493.179282 748640.301295 642671.630208 0.000000 417585.507766 211552.982342
 170 2 2 139651.052022 1824320.873383 0.000000 2234652.440549 149492.722824 907505.023567 602621.702623 0.000000 0.000000 916620.707554 568445.092478 0.000000
 179 2 3 0.000000 992677.129148 830426.031486 0.000000 429667.718299 549153.793296 0.000000 0.000000 1527844.558234 633192.657148 0.000000 258305.477981
 188 2 4 1136649.185508 1975101.349474 209535.705476 1123348.845171 0.000000 811651.200947 4150698.236059 261268.720182 219944.408558 636012.633708 655020.871294 1216826.950964
 197 2 5 1054257.423924 1257514.564444 515362.272498 892032.069872 1508524.858539 0.000000 988093.873515 1242851.653011 0.000000 460922.396890 630817.609423 452203.706309
 206 2 6 1540423.438935 603085.633375 1043556.752957 0.000000 1582261.051037 1908910.245489 0.000000 81872.261192 1197848.994406 1829365.986936 43835.131029 853449.074348
 215 2 7 889578.585480 739654.470175 0.000000 50132.896110 136606.530822 497722.819517 2189.466364 0.000000 560651.002868 27499.939415 782381.593184 158366.664139
 224 3 0 0.000000 2492193.933537 38661.884282 1029395.052953 1091428.519094 337.181891 1460554.061214 984366.924762 0.000000 22039.471106 40651.408913 0.000000
 233 3 1 1342532.540594 0.000000 1151601.098373 1890841.459605 2031211.029981 159722.224763 548743.274186 114066.311989 415185.599676 0.000000 1103968.347479 893560.854269
 242 3 2 349103.756442 549583.046502 0.000000 1248160.770476 50750.579105 99208.595025 506953.996522 184457.706402 1053829.009250 14093.521874 438515.318990 12108.066369
 251 3 3 695982.721105 1354203.970283 1723727.579975 0.000000 0.000000 786003.876095 1678098.920474 1309168.925438 955517.448314 373025.550956 27230.472301 758303.436719
 260 3 4 694885.652259 915143.403869 278432.549954 0.000000 0.000000 0.000000 707686.997605 92621.894873 222261.225217 820100.460782 0.000000 1034151.178879
 269 3 5 80415.620586 339836.765465 138522.627310 466425.077306 245121.559822 0.000000 593869.391765 87125.109167 17839.861828 324984.025974 392930.951661 1326.616152
 278 3 6 382199.018954 1045763.548310 936462.970810 2297134.862285 972193.401135 814135.236070 0.000000 64022.664770 46695.938064 90363.908945 1069994.364018 541910.481023
 287 3 7 516477.460566 4715.635865 290048.147470 488771.781544 22767.867028 74424.032891 188095.989874 0.000000 0.000000 1151972.487089 1284.142248 38361.269377
 296 4 0 0.000000 0.000000 1114864.886656 1216391.964645 0.000000 482213.111263 4247366.813464 875501.466177 0.000000 584559.495504 429204.422569 334860.035993
 305 4 1 106539.039378 0.000000 704262.019357 0.000000 0.000000 0.000000 430955.556408 1106626.113908 388170.150944 357448.990584 305443.788281 639710.786157
 314 4 2 1995588.977799 679956.837659 0.000000 0.000000 1074971.970333 0.000000 774135.881163 905047.625634 890477.389890 1498453.815958 318024.455208 0.000000
 323 4 3 324420.683330 0.000000 0.000000 0.000000 43979.173017 0.000000 563467.953499 7009.496271 801974.943630 0.000000 601884.409456 1657.336554
 332 4 4 0.000000 0.000000 450575.228949 101756.849159 0.000000 0.000000 277809.268059 809824.938872 0.000000 347878.357994 0.000000 656017.088968
 341 4 5 792271.742777 4619.516352 0.000000 2003.256689 71239.975768 0.000000 1469600.544688 2130172.245704 668982.289419 389294.782049 1332604.876179 810249.194857
 350 4 6 1007426.019196 831372.562125 2212852.048026 1021365.532236 229906.805951 1286350.446511 0.000000 0.000000 2048062.388447 0.000000 826414.844122 0.000000
 359 4 7 515977.379127 1982236.855158 1454460.176273 64358.813199 797149.935189 2557876.723908 159885.788526 0.000000 0.000000 5731.585884 527742.827663 602334.542678
 368 5 0 0.000000 805332.357699 19185.195844 2054.421851 100778.834413 66442.977582 3338.631819 120850.184678 0.000000 0.000000 498010.464516 0.000000
 377 5 1 854112.520785 0.000000 822339.714558 0.000000 654598.019728 1326574.880251 0.000000 44076.763945 1180317.589567 1214109.698198 520253.340018 7628.672924
 386 5 2 87634.351528 393555.866775 0.000000 24939.104978 20286.221263 2019.102659 37948.811203 4318.300715 0.000000 427458.976760 26037.036455 3674.087488
 395 5 3 0.000000 0.000000 70387.616593 0.000000 20738.783130 135204.198838 127356.146157 3928.737225 617.815198 152783.078523 9921.921545 0.000000
 404 5 4 0.000000 385887.936959 0.000000 101880.908194 0.000000 531417.081817 197564.700085 67160.786287 239909.995967 629102.706663 0.000000 0.000000
 413 5 5 75033.785564 2103826.933524 0.000000 175201.277847 1146894.558247 0.000000 724850.399903 1015088.205055 62047.036324 1132059.710200 77058.318026 227704.235117
 422 5 6 156881.384580 0.000000 153702.226471 188933.665720 269568.593098 747654.114328 0.000000 83341.324926 299888.968267 23066.389887 0.000000 0.000000
 431 5 7 64519.083107 308285.101444 80547.433814 65031.047378 13923.451166 376505.029634 110646.011973 0.000000 444629.946133 11788.975503 379.742175 21736.584019
 440 6 0 0.000000 84492.867731 393068.797994 0.000000 721840.979029 613954.063771 0.000000 0.000000 145339.762443 340391.015726 0.000000 133870.569354
 449 6 1 109220.123390 0.000000 758169.895403 0.000000 540178.456638 0.000000 831950.180913 102339.452589 1584598.729859 0.000000 518747.831192 11944.142450
 458 6 2 42821.987531 1313022.109040 0.000000 1134859.697316 2763345.941381 480533.985479 943172.785708 0.000000 1390807.721220 936149.819787 1979776.732335 0.000000
 467 6 3 191015.267770 0.000000 399866.276616 0.000000 1057223.860982 527024.810909 79899.804588 1175.442549 30095.498287 1044778.605693 240118.160956 159833.963281
 476 6 4 630495.200148 895513.239962 1589612.432162 1762867.924389 0.000000 680572.460800 890289.988406 961583.284343 2524336.843985 1930087.294719 8678.848421 26060.346680
 485 6 5 909565.591169 1950.535127 1341494.638473 880227.646598 435983.633591 0.000000 1843783.754029 1004997.208298 297172.243442 0.000000 49615.088848 4009.808317
 494 6 6 0.000000 1485121.242075 2351185.391084 10286.782610 1923997.372715 967530.620911 0.000000 977899.110448 935495.206540 702716.477384 21263.496846 0.000000
 503 6 7 0.000000 359395.111334 0.000000 65059.683120 236143.094702 343933.668258 757230.608131 0.000000 0.000000 78661.303202 1012185.157703 2821.698831
 512 7 0 0.000000 130979.245462 96357.924533 804897.190005 69736.768942 109422.215910 0.000000 0.000000 0.000000 469568.688908 11899.166645 0.000000
 521 7 1 3063.583439 0.000000 41847.003490 1270080.794206 5042.572209 6338.555871 45062.888514 0.000000 513297.956489 74940.080035 656138.176895 33438.384783
 530 7 2 48858.875352 0.000000 0.000000 756247.834981 943.169706 350.735285 40420.469324 0.000000 452719.154511 3442.677835 75885.145112 19940.756662
 539 7 3 826248.736822 2004415.845160 898633.886169 0.000000 1304769.796973 685662.363135 7959.472679 0.000000 20738.253550 15153.444084 96.878457 75620.352503
 548 7 4 62805.881643 78689.423178 60637.843044 445017.585119 0.000000 225673.333460 160463.703756 60086.337898 0.000000 1033942.655946 11494.902628 10867.872385
 557 7 5 84228.766604 112717.092859 128273.227440 710017.874813 78350.632976 0.000000 0.000000 367825.360468 248810.966607 5832.782563 44415.779203 0.000000
 566 7 6 0.000000 91774.787145 59883.222575 100627.339171 326928.708625 0.000000 0.000000 100088.243328 0.000000 0.000000 408.886750 0.000000
 575 7 7 0.000000 0.000000 0.000000 0.000000 3150.248144 100404.946723 66909.624250 0.000000 0.000000 17824.845357 45391.808217 56009.983475
 584 8 0 0.000000 529389.793327 218381.875709 220362.483364 139817.840015 263042.437620 220879.309392 836942.529214 677046.288653 440658.440825 41421.721173 291423.061483
 593 8 1 866510.583368 0.000000 1727043.387930 1767949.140750 119657.286003 101495.857801 763051.515811 2069714.312749 31365.384612 296.609500 0.000000 372248.775814
 602 8 2 24522.870412 485847.837021 0.000000 182107.501139 142120.986629 209790.577602 534641.504005 807775.871773 1847025.795513 449989.807592 89866.926174 4281.213467
 611 8 3 27124.600015 800771.859062 267171.302334 0.000000 122162.634296 0.000000 78589.581049 278345.052571 0.000000 644180.937971 122631.288541 209105.411304
 620 8 4 107338.099909 34772.092975 12756.120537 106518.161747 0.000000 227422.900290 548929.255897 958830.226088 653086.291701 430095.986088 422497.152753 344164.494458
 629 8 5 15998.728883 0.000000 13536.965636 0.000000 64765.954614 0.000000 0.000000 608168.164278 0.000000 316114.320861 555278.096661 0.000000
 638 8 6 17460.180377 865447.826079 1244010.923671 74101.913099 1794772.318522 0.000000 0.000000 1612739.404314 831341.551770 18367.644553 2340.801161 665931.719380
 647 8 7 1769036.153914 563478.081305 2242166.742242 748072.173775 1734868.140547 1608427.816896 2084537.800840 0.000000 979869.035415 0.000000 698347.231113 317819.912295
 656 9 0 0.000000 81275.395555 0.000000 0.000000 0.000000 123554.087877 0.000000 228455.063354 0.000000 69092.134839 52912.037809 56039.188909
 665 9 1 144945.967615 0.000000 270518.373122 907206.510418 186662.361110 687023.254360 60710.998002 228686.122607 21457.154397 547789.391074 1323100.233910 43152.789801
 674 9 2 0.000000 819938.431680 0.000000 101164.536700 2512222.478250 2018310.518053 60376.873019 1172832.386628 0.000000 32818.978665 43396.330151 93943.445368
 683 9 3 0.000000 1844649.318139 172075.871506 0.000000 1426089.713686 1112983.654188 0.000000 708919.450682 0.000000 1573185.377643 86.562130 0.000000
 692 9 4 0.000000 0.000000 617349.405385 256629.478486 0.000000 0.000000 0.000000 0.000000 532490.195806 1588359.250921 0.000000 0.000000
 701 9 5 20185.779432 1413969.810572 815155.409272 1110325.540372 457758.139545 0.000000 0.000000 988796.833610 639457.397944 921222.257846 1326814.913054 1058962.363324
 710 9 6 0.000000 0.000000 826.497004 0.000000 0.000000 0.000000 0.000000 0.000000 290.272563 0.000000 0.000000 0.000000
 719 9 7 378027.011689 346866.684760 207109.223886 182999.705103 0.000000 537556.539258 0.000000 0.000000 67331.744843 377467.571617 929738.266064 927.495301
 728 10 0 0.000000 1103729.765552 0.000000 1076453.302071 913546.390732 1250666.462951 2098425.869160 0.000000 412484.513733 875327.229319 82633.548923 1523499.665473
 737 10 1 794222.069009 0.000000 0.000000 73194.242407 72575.081683 105928.513031 160889.290221 501087.245936 29213.202613 13183.833076 831678.751291 429786.327589
 746 10 2 0.000000 21301.268645 0.000000 61379.991583 706495.876565 30350.350538 144070.922220 1826.300241 244614.773458 1875.162967 0.000000 1840.180866
 755 10 3 658803.028547 92016.973437 322920.919600 0.000000 58718.302359 7763.109339 41478.376461 0.000000 23105.030478 620851.438706 51839.799535 15513.412263
 764 10 4 714342.667969 16974.148811 729788.206455 74563.710202 0.000000 1843785.601508 841016.207315 2160427.488638 896029.711279 0.000000 592084.258461 1298438.445146
 773 10 5 3325872.458196 94479.930710 154511.761523 76839.233850 1960795.248650 0.000000 25998.563613 250753.451146 757744.004534 322482.369837 414614.987491 56471.088931
 782 10 6 1242661.479898 316170.733447 0.000000 68771.783172 396593.113543 158002.292109 0.000000 911895.708637 342265.014824 1176624.194267 697479.976325 456548.360021
 791 10 7 59060.107034 783359.648391 13203.858108 20767.437005 1769995.959548 851731.280119 3250093.380180 0.000000 8777.737596 938087.716321 65363.345790 0.000000
 800 11 0 0.000000 299261.199783 21444.427862 229207.011774 116840.495991 273732.760288 525327.092732 0.000000 0.000000 737259.739725 0.000000 31904.054493
 809 11 1 800397.420531 0.000000 1074929.870564 2485985.391971 3069949.063968 345903.466335 1450558.113520 2598147.773052 927.210329 807608.975946 0.000000 824156.707359
 818 11 2 59068.857703 388758.112850 0.000000 445142.281011 53445.341690 97087.301171 0.000000 827785.815645 1164578.287571 349840.949818 0.000000 2212.234195
 827 11 3 221835.209813 1412471.888423 1145088.894113 0.000000 1069677.032248 20580.508193 2386366.420129 610468.673256 438221.420737 1675429.131638 669747.916899 12024.436210
 836 11 4 102928.656517 945318.236759 170490.696572 485404.488590 0.000000 103662.728116 192503.998428 951024.186527 0.000000 600950.755430 774446.004654 1357295.995298
 845 11 5 47057.559383 0.000000 71749.524352 350026.791133 154948.950711 0.000000 1650789.185018 414254.153086 43789.730432 1254441.427100 264519.370521 0.000000
 854 11 6 891158.592418 1278142.064394 0.000000 699669.434997 51002.253033 2056066.126956 0.000000 683959.294441 726837.909126 866241.845411 1333744.292982 1090706.901223
 863 11 7 0.000000 1587623.128146 776446.881413 1113507.645717 1128826.401812 1449867.617927 842519.446171 0.000000 2508.536690 488805.037058 381930.630593 59630.961122
 872 12 0 0.000000 1283949.867559 1455295.866863 0.000000 980959.157884 0.000000 2050437.419650 1165563.266861 291902.970862 369914.134987 224220.705048 74082.505083
 881 12 1 1120910.771691 0.000000 1761325.864956 37857.173973 1922645.362537 0.000000 1907733.129796 911851.207298 1019850.899659 562173.480557 282021.292961 383197.131173
 890 12 2 470796.800334 798519.249026 0.000000 357768.573662 100118.678379 960485.730528 263969.421590 0.000000 2029747.680262 0.000000 84832.344526 0.000000
 899 12 3 0.000000 143293.790454 179779.800798 0.000000 414723.606823 0.000000 1351497.844700 222465.017490 466470.402259 396409.351612 324584.626096 5887.479199
 908 12 4 283918.482336 711108.169585 67309.875870 321069.735123 0.000000 61664.552904 1850320.506713 1037112.595209 400785.101618 1279340.769265 1695654.875816 852787.911145
 917 12 5 0.000000 0.000000 84385.579389 0.000000 9668.958735 0.000000 1020797.414995 659139.379700 282126.735699 18292.378014 942684.286023 1906708.410945
 926 12 6 2080267.172642 3731828.351438 1002487.556223 2388688.585757 3316833.525592 2206220.878900 0.000000 3653271.671823 1437311.867025 776161.728128 967633.390389 574631.152795
 935 12 7 326413.315808 1252310.761901 0.000000 83800.306795 2690146.965924 3072235.561373 2242132.070332 0.000000 376913.306710 0.000000 1212865.099743 171826.326548
 944 13 0 0.000000 60873.965044 57265.746581 0.000000 83650.876526 268385.407820 383457.287791 389928.520012 334616.131494 343062.848975 36962.385587 744052.072219
 953 13 1 245027.713419 0.000000 1002700.901099 88143.153466 1340317.097464 2337264.482551 2061823.673131 654444.813562 0.000000 245424.994436 7599.957483 357888.090905
 962 13 2 461510.994305 540385.066114 0.000000 239778.195787 66816.979896 455934.575577 77189.327331 0.000000 443658.524404 426279.828164 4638.622822 0.000000
 971 13 3 47354.658801 93900.336884 0.000000 0.000000 85705.797190 1136337.453885 696217.747148 29162.169908 281683.425160 1272443.029927 0.000000 273246.377218
 980 13 4 269467.577503 419310.120986 361802.901709 102393.743260 0.000000 522961.623072 123680.788339 702765.075092 446836.128801 36391.830795 1505879.750160 408317.146048
 989 13 5 769959.545984 1326334.384143 892319.335521 1745585.536011 1234548.127390 0.000000 427434.692006 976350.758787 348514.712011 830748.810920 891458.782492 0.000000
 998 13 6 1002697.321216 1526659.305906 0.000000 2205516.531877 19585.153817 1008288.242481 0.000000 1439695.356284 0.000000 1298.501226 454954.840883 426009.695219
 1007 13 7 1092744.219092 702513.439268 0.000000 0.000000 1959599.169081 1729296.207066 420413.343007 0.000000 0.000000 37842.989769 1104080.394019 0.000000
 1016 14 0 0.000000 630028.754101 2461341.528553 800469.279207 38563.105142 2816218.081369 0.000000 0.000000 442194.605907 42544.303817 467206.656076 3264.907400
 1025 14 1 657369.539992 0.000000 371963.561714 263713.355725 71564.426943 547501.093253 260521.192455 66893.580309 588830.509015 0.000000 22787.589870 660555.614179
 1034 14 2 843808.925686 64764.352877 0.000000 61575.485888 77161.843853 887234.643468 719931.654659 0.000000 1816699.944487 1105356.620246 838212.286069 1594.806772
 1043 14 3 547083.236316 166779.592353 289558.535495 0.000000 9106.130825 690676.514767 0.000000 75884.898183 104159.919339 353724.021831 569910.952253 117313.912905
 1052 14 4 295735.177856 116633.424102 839981.618828 66092.591729 0.000000 62874.866359 596517.464075 0.000000 0.000000 1012638.355743 5367.458939 118629.940507
 1061 14 5 2148128.811635 929161.693676 2783119.133622 825702.479479 2786.194260 0.000000 849059.811187 0.000000 14634.317017 1748.277714 506479.942599 2174249.765957
 1070 14 6 0.000000 912664.708674 2856829.646149 0.000000 1783173.512258 3549575.033851 0.000000 801879.390047 2081556.162742 816972.905908 0.000000 0.000000
 1079 14 7 0.000000 8984.133172 0.000000 3709.154155 0.000000 0.000000 444154.711334 0.000000 0.000000 0.000000 382883.111569 21849.876495
 1088 15 0 0.000000 0.000000 0.000000 0.000000 13930.745208 537402.597726 0.000000 0.000000 608789.309192 1186.867673 0.000000 320059.677938
 1097 15 1 19711.960131 0.000000 66023.344206 865455.709635 475523.988230 463319.975674 0.000000 334949.351946 42099.389260 101380.629546 1689416.517888 0.000000
 1106 15 2 0.000000 4680.316888 0.000000 622264.734456 648706.422561 29945.385274 0.000000 1972.632694 0.000000 1253550.446950 91743.598919 43257.422055
 1115 15 3 0.000000 3381807.042797 1218156.012539 0.000000 1469201.434125 566214.533029 0.000000 0.000000 1021815.550177 1267361.300759 67260.265551 385028.302403
 1124 15 4 59196.098495 1162480.413691 1118145.405321 2091243.630400 0.000000 1359294.659423 60447.202646 1012196.194162 3638.836799 0.000000 82707.917543 176881.382444
 1133 15 5 1776841.187648 594237.034575 173699.136332 1295474.238852 1160158.688389 0.000000 0.000000 1921756.337447 2879.584843 68112.513241 358678.535850 2011.518326
 1142 15 6 0.000000 0.000000 0.000000 0.000000 54257.604368 0.000000 0.000000 0.000000 2224.032904 0.000000 0.000000 0.000000
 1151 15 7 0.000000 367148.960081 233973.142410 0.000000 1073530.176908 848803.642850 0.000000 0.000000 9603.305270 1023236.736040 474705.886260 0.000000
 1160 16 0 0.000000 1022902.668854 0.000000 1006847.822894 367937.933242 217092.006305 2283023.016214 707033.526858 1599381.393659 1873.528935 530865.575237 735746.977252
 1169 16 1 486822.588949 0.000000 79865.911322 3469.254245 69652.293017 112374.189326 0.000000 914611.776182 35765.279186 15905.429990 261482.780055 594367.222418
 1178 16 2 0.000000 68837.418040 0.000000 356644.687455 14067.508795 182187.934256 77135.264449 0.000000 0.000000 15862.443033 46113.511825 4172.392857
 1187 16 3 1062447.938093 508639.065329 246376.687048 0.000000 165199.935370 385073.892474 463120.482730 39261.781657 113.996503 7822.001625 58704.678577 296194.032831
 1196 16 4 9394.177621 64433.436019 3363.513236 18520.111261 0.000000 0.000000 40970.759875 772488.892717 779666.200837 551302.291470 0.000000 11908.044106
 1205 16 5 168612.667630 8209.432181 252598.687144 1388186.055753 0.000000 0.000000 189665.813635 1095395.975847 417478.450175 128756.395516 788116.325600 183424.669929
 1214 16 6 1000574.090562 0.000000 0.000000 928.711011 0.000000 269220.714961 0.000000 802840.521812 0.000000 769567.166185 533510.473177 459806.518053
 1223 16 7 2250969.096527 1491085.986052 0.000000 0.000000 2130877.088957 2738548.215264 1636199.679017 0.000000 256.479454 0.000000 737393.577731 0.000000
 1232 17 0 0.000000 2133362.269755 5544.958920 0.000000 32010.180382 935535.169261 0.000000 1892227.889521 314360.678491 21929.920728 992667.966146 31333.870946
 1241 17 1 1883921.041943 0.000000 900131.700391 2362535.148094 104388.191836 57877.021948 630024.049079 67142.790200 779822.752926 1524995.506492 884114.250454 180699.414357
 1250 17 2 83488.120472 909670.921972 0.000000 0.000000 79181.852993 154921.162476 592339.357757 21623.213056 836314.193257 561994.889944 0.000000 26045.569264
 1259 17 3 0.000000 1601451.021878 0.000000 0.000000 2239770.097794 34218.004838 2169933.850614 990656.976594 404365.239485 0.000000 430570.849666 145362.213185
 1268 17 4 135474.982252 109112.531599 7963.104119 930553.608113 0.000000 140928.149263 931106.045451 0.000000 484547.162375 839961.893664 715732.616891 607993.412834
 1277 17 5 728035.802565 36766.261028 242495.083485 93403.358793 122548.669617 0.000000 133446.364564 145942.481028 537695.566245 0.000000 0.000000 60989.075464
 1286 17 6 0.000000 1051247.227998 1187146.199891 1650095.401185 2248301.143825 7944.552964 0.000000 902093.703739 382747.018972 12939.413302 33172.719496 467751.905108
 1295 17 7 1463842.763611 76574.740399 141192.620876 771058.164837 25650.158235 110025.478314 947007.737938 0.000000 761268.016109 1108887.305209 72424.727925 108028.900681
 1304 18 0 0.000000 580756.299408 61039.035880 195477.733337 681542.935965 68586.363464 4086422.297264 1105866.367044 794354.413084 78265.140037 94017.887637 2327.402768
 1313 18 1 1270109.455042 0.000000 947377.029005 1135069.726016 13352.702825 0.000000 18018.462631 2058029.932547 824777.293217 43.912706 0.000000 0.000000
 1322 18 2 218878.990182 792101.444166 0.000000 0.000000 5248.106073 0.000000 35303.508341 59536.970942 501159.508283 16021.828987 0.000000 50908.834066
 1331 18 3 260969.597246 622288.655587 0.000000 0.000000 13892.874251 65522.823092 7232.848174 84825.477817 646155.754840 0.000000 3948.720307 0.000000
 1340 18 4 684185.105233 240304.967567 72431.486198 136886.805919 0.000000 256302.792236 238690.300779 218500.237698 179537.533144 114768.190257 0.000000 130216.196892
 1349 18 5 15031.851418 0.000000 0.000000 5338.499752 69964.542674 0.000000 10333.391533 0.000000 9045.835329 44107.277126 19224.316003 18905.680371
 1358 18 6 1408645.657578 60684.068331 95092.112056 100308.169245 89027.405266 60109.051375 0.000000 178645.991258 1341611.952297 635171.283646 0.000000 44185.192834
 1367 18 7 512659.705155 815231.206250 13669.418470 11855.588263 41450.985324 187531.344975 72431.872998 0.000000 0.000000 0.000000 975486.643949 494602.459718
 1376 19 0 0.000000 700.927752 71772.793620 1904460.963103 2221813.473162 15662.246241 905455.881439 0.000000 838247.138446 25628.905318 15937.180092 0.000000
 1385 19 1 102345.627391 0.000000 604168.933427 368758.984737 412700.806897 367908.136306 497347.117655 253277.397813 0.000000 0.000000 504159.916200 589.032811
 1394 19 2 143910.306222 862459.053338 0.000000 10327.629365 2488607.661792 100624.786542 3632686.822528 209819.378283 412.295356 760.340765 52016.056121 1275.069005
 1403 19 3 946868.462283 0.000000 67642.219122 0.000000 186085.437363 4966.655818 146895.807213 138947.198638 32324.065017 357239.155721 737219.787729 0.000000
 1412 19 4 840345.071791 194203.126441 696167.345837 1351.623136 0.000000 63161.674161 16056.285852 282685.206492 520739.548784 796583.073168 1312178.410491 53123.726271
 1421 19 5 109133.579110 258548.962756 236219.108203 158869.717321 504751.279689 0.000000 0.000000 58553.769078 3548.883246 0.000000 0.000000 33151.499838
 1430 19 6 324276.433430 275335.372709 936113.149287 7807.506652 178623.442417 0.000000 0.000000 299816.409466 463324.443124 427059.426428 1682991.738381 13313.130807
 1439 19 7 14925.854984 313216.755998 92674.973875 213514.837618 204186.808685 222092.979510 137863.261557 0.000000 0.000000 497952.491362 26908.755492 84273.036109
 1448 20 0 0.000000 0.000000 69109.552374 133652.141232 718542.480262 22426.307916 249765.640319 154134.088446 32145.300695 372376.671948 0.000000 117586.759133
 1457 20 1 0.000000 0.000000 295644.400710 400908.277881 33068.336359 183256.478618 904345.520481 1325943.003260 81018.738140 0.000000 418925.408313 37208.232152
 1466 20 2 3211.541679 70598.480459 0.000000 1044084.878955 1192958.884075 0.000000 543057.715429 790114.686983 2732201.935731 1769599.498394 0.000000 69025.426069
 1475 20 3 260767.658387 0.000000 795508.516128 0.000000 1150516.127878 46399.401251 945051.164606 374058.850534 0.000000 571468.453024 1029382.938488 7678.971017
 1484 20 4 775981.600446 93944.652180 2228394.830595 1124135.897434 0.000000 731740.894210 2504368.840111 163211.698330 0.000000 806373.666194 1387475.637875 561241.594067
 1493 20 5 90877.431916 516159.136438 0.000000 212690.722056 970820.604527 0.000000 1177948.141985 175152.211016 0.000000 581831.976366 798680.122916 0.000000
 1502 20 6 50416.333115 857920.841404 1254215.619568 916405.228158 3662628.442834 1975676.453367 0.000000 898733.467581 15799.906471 1964.864341 1959839.939537 284260.222377
 1511 20 7 78572.957584 28028.679812 909133.363523 282720.299659 257240.158379 0.000000 288497.154264 0.000000 41934.141344 33465.862911 660596.741971 0.000000
 1520 21 0 0.000000 2335191.523796 2052042.183988 1352081.885886 115446.134010 95200.821365 916215.564759 1147873.732760 7579.495230 324854.366222 688169.802781 0.000000
 1529 21 1 825355.343625 0.000000 0.000000 749131.697657 0.000000 59465.634533 71169.055260 59621.525039 1819688.109784 844092.562258 0.000000 0.000000
 1538 21 2 638752.117878 0.000000 0.000000 553815.017364 14420.467103 0.000000 370.505836 14367.806327 1018871.562512 205526.901801 20539.529262 0.000000
 1547 21 3 2219560.478084 2294528.271387 617456.529815 0.000000 2362861.096868 2293808.975692 1852460.789276 2061887.196579 792657.686018 1662877.445947 0.000000 99609.267209
 1556 21 4 196148.212286 0.000000 73299.359006 1910069.466863 0.000000 125860.527708 164080.566454 289387.273310 208148.220164 416598.881450 480393.399437 3915.260599
 1565 21 5 17769.559882 7901.164899 120884.977323 1730404.504997 30413.034900 0.000000 30946.675735 171567.224683 2369.456643 213160.902622 72120.170897 685807.474327
 1574 21 6 480437.152751 140872.650423 76699.623586 917261.690456 103939.009769 0.000000 0.000000 124308.804547 9114.714931 690812.822557 216662.365556 510773.802701
 1583 21 7 741439.759536 0.000000 178686.448619 923806.748618 111842.246962 0.000000 0.000000 0.000000 12054.358014 557741.240406 987092.722667 116950.730915
 1592 22 0 0.000000 131196.565910 0.000000 667937.174829 1107395.438891 505718.477494 80440.536300 221087.800282 798780.708141 35154.340028 1058130.206075 0.000000
 1601 22 1 208205.766640 0.000000 57514.030748 123955.283592 828886.900152 148235.753174 226376.055255 0.000000 434812.095045 0.000000 124052.730031 0.000000
 1610 22 2 0.000000 0.000000 0.000000 1637981.143576 3075543.510149 18846.628236 2512871.854530 0.000000 0.000000 1150869.625729 0.000000 0.000000
 1619 22 3 878915.209053 219186.017236 2366362.333259 0.000000 1988734.243769 1046997.254192 138616.976975 94178.296109 162165.625813 613809.769388 510673.034737 92984.420751
 1628 22 4 1926567.602540 798906.514648 841265.877255 3098562.085082 0.000000 835300.507198 1298465.716885 910856.841852 1337425.858598 1040617.153185 179961.669347 1216079.917218
 1637 22 5 246499.163122 148646.376706 64532.666143 414578.836858 699904.817201 0.000000 0.000000 0.000000 28180.756411 453142.655165 598820.138436 82559.683093
 1646 22 6 46880.918337 0.000000 485472.367643 11031.715638 377374.458453 0.000000 0.000000 0.000000 0.000000 0.000000 1727666.971718 0.000000
 1655 22 7 262121.441536 0.000000 0.000000 9591.787442 429497.943046 0.000000 0.000000 0.000000 21935.309889 0.000000 0.000000 578941.227655
 1664 23 0 0.000000 0.000000 1228674.593084 1967526.310161 3784240.860533 3363986.975655 1027591.903116 1522568.567099 96809.042427 208008.445545 259770.454999 687323.859730
 1673 23 1 0.000000 0.000000 867170.577416 523827.622518 66912.595423 1702896.018268 0.000000 210286.615250 1170950.455931 473605.640618 59368.721616 971150.725892
 1682 23 2 1088009.340318 2717161.511002 0.000000 674927.175404 1570149.948267 0.000000 812959.819684 827185.571091 356780.512594 8142.358742 865120.686525 0.000000
 1691 23 3 2563712.049993 1094258.405699 1051047.237701 0.000000 289174.316410 908244.860792 38961.017465 1295435.427311 0.000000 338762.901163 6595.395490 477832.117049
 1700 23 4 762093.798094 52866.466383 538553.271870 92112.150513 0.000000 995917.325406 4485.912665 567131.093135 268292.810117 2113040.981247 670875.567349 1349850.219190
 1709 23 5 2494185.471949 3587524.534122 0.000000 345271.678529 3750012.874390 0.000000 1339325.841905 29356.061541 4626.135357 252382.190485 501119.244380 720866.166962
 1718 23 6 436004.066133 62171.740522 560351.362038 81729.690532 152221.545777 775612.430056 0.000000 59297.430944 998500.334539 302399.482682 0.000000 3820.433635
 1727 23 7 1280368.584588 127491.681836 1039151.587159 1730099.426285 3077198.875749 151253.018858 36646.435638 0.000000 20504.254945 443961.935392 1084809.312656 4084.166430
 1736 24 0 0.000000 0.000000 426213.082475 0.000000 365099.494888 304465.206568 0.000000 33205.923298 30781.145737 460640.278293 320354.263912 205486.837878
 1745 24 1 0.000000 0.000000 0.000000 0.000000 264990.797257 0.000000 0.000000 120882.168980 554942.997731 79530.399458 11269.632313 0.000000
 1754 24 2 931782.727152 0.000000 0.000000 133790.634923 0.000000 3334540.887244 0.000000 880287.848125 566672.466987 1718781.679636 4518.397060 0.000000
 1763 24 3 0.000000 0.000000 40844.184569 0.000000 0.000000 0.000000 0.000000 21256.668655 1185.640989 24980.372032 0.000000 668.402507
 1772 24 4 724795.450808 946785.708403 44921.094622 0.000000 0.000000 1258632.451052 914655.522898 1857620.698258 408548.430154 830.738270 938.622079 1973.997835
 1781 24 5 663185.290706 0.000000 2808843.913704 0.000000 902802.669008 0.000000 0.000000 851452.770847 0.000000 158520.811278 0.000000 1152645.424480
 1790 24 6 29934.473223 0.000000 107753.056453 0.000000 185612.417679 115993.666462 0.000000 20761.262612 588840.554063 0.000000 0.000000 0.000000
 1799 24 7 67176.731617 551272.751184 684700.517336 60634.655868 881153.410779 831436.565558 58484.566978 0.000000 0.000000 337854.444783 877257.749888 296334.221191
 1808 25 0 0.000000 0.000000 0.000000 0.000000 471170.349598 0.000000 368632.201298 475601.568907 22308.540883 529315.286248 752126.237412 0.000000
 1817 25 1 0.000000 0.000000 0.000000 0.000000 0.000000 0.000000 434370.848814 652627.752365 0.000000 62150.471568 539355.506211 406840.925766
 1826 25 2 0.000000 0.000000 0.000000 0.000000 0.000000 0.000000 625089.910376 721.610719 389728.815634 224656.593869 0.000000 1408.672037
 1835 25 3 0.000000 222173.714481 0.000000 0.000000 1052093.291565 276.377838 451898.820747 8499.914014 394822.431279 1571725.713989 0.000000 772.156649
 1844 25 4 844847.649507 0.000000 0.000000 2283276.403297 0.000000 716087.154860 911691.787859 1592464.170612 654759.960813 229905.086738 8734.645551 0.000000
 1853 25 5 56076.675172 208685.832991 52201.235228 240283.310498 595960.106421 0.000000 20654.685910 26280.623559 6561.436876 286919.913022 0.000000 0.000000
 1862 25 6 1059488.070520 1186563.671428 1797306.026773 1278960.863380 416484.589729 0.000000 0.000000 1545822.884506 0.000000 641428.105580 0.000000 0.000000
 1871 25 7 959101.897747 854098.251716 56651.060791 91980.807656 2025335.376157 67707.333788 919152.992109 0.000000 0.000000 0.000000 1794057.318914 7586.812737
 1880 26 0 0.000000 0.000000 1811.464769 151499.776459 11260.227512 36449.833841 6794.152696 86772.884597 0.000000 123956.652129 31753.000305 0.000000
 1889 26 1 0.000000 0.000000 63155.608828 100495.803419 0.000000 54714.545964 212257.989802 72041.662458 67255.796719 13736.828662 61405.440711 14922.519461
 1898 26 2 9188.312321 43236.674206 0.000000 60901.739015 259750.013186 0.000000 77525.683561 256176.424805 0.000000 45848.855778 1907.352578 0.000000
 1907 26 3 149642.535107 220317.011998 160796.843103 0.000000 122143.220781 11020.240549 12565.900794 946359.659063 57416.797874 2267.876944 13356.784315 10850.902115
 1916 26 4 107798.712929 0.000000 192001.800455 144403.109175 0.000000 133550.889075 66258.556254 157669.066162 0.000000 0.000000 34291.835396 138415.869747
 1925 26 5 68372.235990 147240.592961 0.000000 95903.828136 253046.027700 0.000000 61108.800197 75835.641543 52196.599641 0.000000 0.000000 210657.978269
 1934 26 6 132376.105132 228652.360002 20611.555969 58553.652972 20990.505820 0.000000 0.000000 425317.136156 8731.348824 13898.798525 0.000000 0.000000
 1943 26 7 24943.544912 40986.222499 101851.333221 22396.127226 30056.382384 17206.198655 18075.863687 0.000000 22362.037478 56634.751680 0.000000 22276.262886
 1952 27 0 0.000000 934965.270528 0.000000 2176528.770776 238256.076059 24043.697772 13520.937158 959309.574529 752730.617736 390128.056497 885348.539641 469.113683
 1961 27 1 282109.579291 0.000000 94733.943680 22991.635212 86394.127547 294570.963335 4045.348760 178943.142920 62382.340709 0.000000 555397.955810 12884.889977
 1970 27 2 0.000000 11467.566060 0.000000 30455.879241 422180.123028 5770.871362 0.000000 8045.434072 607921.997354 54447.439582 0.000000 22342.157934
 1979 27 3 902617.458131 93612.623605 80126.632075 0.000000 144440.367538 5909.150385 326246.526747 234688.658583 1255889.466370 77380.034641 0.000000 9650.825731
 1988 27 4 861965.880534 186456.810739 1198414.859572 122044.909818 0.000000 1029723.879356 1802844.552656 1365831.405614 0.000000 52661.637709 18508.727719 0.000000
 1997 27 5 64161.079170 134437.372286 74181.236899 61429.680701 507923.707588 0.000000 563145.507639 225974.467133 0.000000 606626.919817 337810.454744 74502.504269
 2006 27 6 64092.936348 64478.237718 0.000000 95184.306443 419646.337456 151179.196893 0.000000 258829.921673 362486.727458 29541.238474 7454.607600 717929.583137
 2015 27 7 587808.983165 33652.914380 60448.291625 152584.615102 413632.355427 356715.329347 220324.614353 0.000000 0.000000 1020858.980638 471192.532674 0.000000
 2024 28 0 0.000000 0.000000 1012348.278513 1491.431419 3669542.299728 990080.351520 39821.966765 2265878.184403 830801.258307 499233.577181 0.000000 188945.409448
 2033 28 1 118832.992653 0.000000 444056.389353 50573.583828 2006.441069 803129.680896 0.000000 169162.972168 1046178.348357 0.000000 429972.851783 594.221745
 2042 28 2 1138485.977875 1279358.320046 0.000000 1131236.400958 4617295.372407 1995506.410587 1474501.467421 1132325.011055 570083.067908 142977.337066 7416.911963 11214.051723
 2051 28 3 160181.896957 347940.578414 494031.153957 0.000000 134095.820464 1284863.564976 7447.467833 92614.486874 1098100.254502 1070452.736609 0.000000 0.000000
 2060 28 4 523035.579431 64107.951358 1098413.901378 13745.984810 0.000000 0.000000 80974.772596 543390.964052 314034.736601 1784454.347667 1640829.031401 436512.249824
 2069 28 5 1737379.981650 1945618.917986 2100199.911784 4132255.986673 0.000000 0.000000 360437.225181 2339783.549457 0.000000 150047.895306 59394.126097 612188.641925
 2078 28 6 379398.550488 82046.488238 1119116.101108 163969.117834 194798.985947 170325.768896 0.000000 0.000000 2021.417613 8639.023691 593893.558440 59975.836597
 2087 28 7 674504.502883 0.000000 437276.958445 48354.874608 150166.363053 562251.721497 0.000000 0.000000 73973.860043 500877.198550 1693456.190077 0.000000
 2096 29 0 0.000000 0.000000 169211.699220 615070.514196 0.000000 252967.696112 0.000000 913904.572102 1127517.793826 32676.820036 108907.711352 1563265.183055
 2105 29 1 0.000000 0.000000 0.000000 749733.274695 0.000000 0.000000 0.000000 9257.437709 13103.005332 224844.699435 20790.857934 0.000000
 2114 29 2 19516.263972 24115.245801 0.000000 653748.653505 80631.907558 62880.438991 129966.960545 68553.026545 726326.364165 103890.682174 3074.401784 56361.274188
 2123 29 3 2063255.222849 823643.317980 1141376.447392 0.000000 24134.861377 130527.088235 1046495.442050 1772882.250053 934.576540 0.000000 68661.246883 141557.904811
 2132 29 4 375796.654515 0.000000 219275.633319 111586.271460 0.000000 1939885.228125 592638.846862 384928.632433 564004.868980 939092.560873 0.000000 489744.065748
 2141 29 5 1219948.399794 0.000000 226343.178572 92233.786074 3750001.828902 0.000000 2543784.282772 1284926.791258 750062.108941 0.000000 2260246.006649 69223.352538
 2150 29 6 0.000000 0.000000 0.000000 329869.809263 92753.468016 1649527.874973 0.000000 875319.300554 9540.936362 1360379.458202 36951.234268 798130.604254
 2159 29 7 3182363.155045 60113.778133 162687.276880 162767.961498 39813.264362 459220.396461 2148333.200042 0.000000 0.000000 0.000000 2554050.778207 0.000000
 2168 30 0 0.000000 1080979.575896 257916.023599 2819348.310947 0.000000 1125460.290602 91601.583366 1638704.974237 10262.467677 478070.147559 431616.307006 0.000000
 2177 30 1 511559.614580 0.000000 214745.113858 364367.032381 275653.712340 327500.375175 307420.794787 531891.536782 626523.723006 0.000000 817700.321204 0.000000
 2186 30 2 3203.370112 135821.680711 0.000000 1005757.648509 0.000000 156354.513850 16921.916092 460797.580797 1302559.803106 273309.090149 7577.830789 26924.100884
 2195 30 3 1151906.036079 151399.508161 2200135.466190 0.000000 2373640.714575 1001668.170069 12666.011285 0.000000 452349.184620 965491.134409 112576.605716 537147.823869
 2204 30 4 0.000000 3131.573238 0.000000 1144102.846779 0.000000 238852.142416 0.000000 65182.920452 0.000000 491665.479149 838078.755519 61546.362706
 2213 30 5 558678.685077 2187.214763 32941.494735 580104.904300 2901.522696 0.000000 57250.383441 712645.252521 8683.002373 225192.372088 397133.506478 1388306.764417
 2222 30 6 157183.806437 102736.776191 63176.009037 73144.470365 0.000000 286224.663146 0.000000 102058.616328 0.000000 0.000000 0.000000 33495.534100
 2231 30 7 2346013.547583 1020138.704229 1197390.558686 0.000000 31422.576666 2230020.078721 38408.692004 0.000000 0.000000 0.000000 6101.069816 521598.408573
 2240 31 0 0.000000 525484.687118 374127.473224 66873.075262 0.000000 10478.598901 119254.667905 55855.987472 44245.300926 376475.545754 19495.875130 379524.249513
 2249 31 1 832943.908428 0.000000 1289359.812149 106260.038300 934488.285939 968847.556879 1761514.459733 125660.532117 1404408.648949 70932.225587 36467.439143 47571.834382
 2258 31 2 842295.803629 2619448.230081 0.000000 3369.276163 1874713.549371 139687.102428 7729.801077 113804.148616 1051871.370917 0.000000 642594.805153 37044.462156
 2267 31 3 80341.404662 28183.379816 63115.115023 0.000000 0.000000 64621.474324 126978.185852 95827.780077 0.000000 143626.010606 25421.346528 0.000000
 2276 31 4 49468.432285 258654.777703 553056.681461 0.000000 0.000000 218781.121029 0.000000 0.000000 870207.586057 318416.671380 0.000000 0.000000
 2285 31 5 68512.786201 177649.162244 519683.868648 19418.370493 0.000000 0.000000 0.000000 0.000000 76083.144043 0.000000 661062.508674 0.000000
 2294 31 6 80159.401325 1056438.798657 186241.470753 482510.696451 0.000000 71377.643511 0.000000 135317.548520 48859.082834 38069.217938 370363.327463 492054.158513
 2303 31 7 300302.483934 8813.887943 117633.354664 2548.912404 0.000000 0.000000 376143.469244 0.000000 270831.587579 0.000000 9050.236452 1571.533885
 2312 32 0 0.000000 924811.352516 5054.151837 0.000000 2235455.247045 807419.271495 940047.223822 0.000000 1201573.362804 228473.023069 434376.715324 553758.861355
 2321 32 1 464486.295920 0.000000 1242699.240435 1960359.088233 508351.364815 1616812.345211 0.000000 1040148.050348 1244929.038827 1088237.173789 257937.158722 511566.174231
 2330 32 2 142826.949119 1876016.100338 0.000000 1008538.026295 1161353.247579 67910.840492 2254932.324057 7288.470000 0.000000 0.000000 0.000000 6541.855716
 2339 32 3 111204.962599 2276674.720543 490542.844703 0.000000 2561834.939028 465278.474514 2171707.608190 0.000000 757030.099863 697135.503052 256910.093079 0.000000
 2348 32 4 844124.531679 995402.080935 719163.352515 1211707.884084 0.000000 1052956.899850 994175.207446 2155435.181717 0.000000 1305357.109815 998889.933269 250544.871110
 2357 32 5 1766363.983176 1458448.213165 127796.610146 916261.868379 2186725.356365 0.000000 0.000000 1246454.071130 16571.400418 1431879.505265 47066.152181 4723.121661
 2366 32 6 469504.904462 0.000000 868768.452432 714308.520133 530758.256628 0.000000 0.000000 26599.083058 845144.448531 284458.922623 907597.660673 2590.076271
 2375 32 7 0.000000 644371.885345 62391.976573 0.000000 1017422.008274 890756.447601 61045.334902 0.000000 0.000000 1126545.778936 1200219.593129 32934.221260