# Format <LP ID> <Terminal ID> <Total sends> <Total Recvs> <Bytes sent> <Bytes recvd> <Send time> <Comm. time> <Compute time>
 APP 2 RANK 61  0 0 28000 24000 32903816 32895816 110519266.933626 135078978.141292 0.000000
 APP 0 RANK 40  1 1 1080 1080 633088 627424 9705238.628044 3923424.951396 0.000000
 APP 0 RANK 186  2 2 784 784 508000 504880 7210507.810198 3907985.215602 0.000000
 APP 1 RANK 9  3 3 728 728 2991360 2991360 24015812.044404 8559221.257833 0.000000
 APP 1 RANK 94  18 8 312 312 2947584 2947584 16744649.969582 8239446.214508 0.000000
 APP 1 RANK 50  20 10 988 988 3023776 3023776 33133762.992005 7807427.509836 0.000000
 APP 0 RANK 169  27 12 1270 1270 764064 762480 10089037.246373 3894318.222777 0.000000
 APP 0 RANK 35  29 14 516 516 376432 378304 2813811.689195 3866646.182260 0.000000
 APP 2 RANK 33  37 17 28000 24000 32931868 32923868 89454306.031830 135075429.644416 0.000000
 APP 1 RANK 32  45 20 728 728 2991360 2991360 21643462.937786 7709508.473851 0.000000
 APP 0 RANK 125  47 22 962 962 636848 631280 8136672.301563 4001345.212440 0.000000
 APP 0 RANK 132  54 24 1168 1168 634896 636192 6896005.803415 3863185.943159 0.000000
 APP 0 RANK 117  57 27 2020 2020 764192 770144 11327271.025026 4062327.519648 0.000000
 APP 2 RANK 91  73 33 28000 28000 36249616 36249616 99340404.807554 135071559.303824 0.000000
 APP 2 RANK 19  75 35 28000 28000 36672956 36672956 116946064.057470 135072280.412779 0.000000
 APP 0 RANK 124  81 36 1284 1284 761312 759584 10873383.056301 4017764.053951 0.000000
 APP 2 RANK 77  82 37 28000 28000 38745084 38745084 103301154.835620 135072472.177636 0.000000
 APP 2 RANK 30  84 39 28000 24000 33762344 33754344 95515206.443979 135078664.097104 0.000000
 APP 2 RANK 32  91 41 28000 32000 39589368 39597368 107438412.683890 135071919.283797 0.000000
 APP 0 RANK 141  92 42 1082 1082 628464 633840 9754140.246160 3867462.584671 0.000000
 APP 1 RANK 33  93 43 728 728 2991360 2991360 28460334.583699 8459527.585274 0.000000
 APP 0 RANK 112  99 44 1132 1132 637584 634800 13283525.883891 4013828.721527 0.000000
 APP 1 RANK 117  100 45 312 312 2947584 2947584 17205692.294387 9300440.543907 0.000000
 APP 1 RANK 39  101 46 988 988 3023776 3023776 30879829.361681 9130879.254313 0.000000
 APP 1 RANK 57  102 47 728 728 2991360 2991360 23558903.419221 8755413.223465 0.000000
 APP 0 RANK 172  109 49 1702 1702 767456 772976 11365495.355608 3916547.208824 0.000000
 APP 0 RANK 199  111 51 1086 1086 637728 640224 6775778.562341 3899529.246062 0.000000
 APP 1 RANK 66  120 55 312 312 2947584 2947584 19435228.934686 8002975.876056 0.000000
 APP 2 RANK 88  126 56 28000 32000 40408496 40416496 109919356.362809 135066737.818439 0.000000
 APP 0 RANK 152  135 60 1064 1064 754272 764784 11500577.724374 3944613.898377 0.000000
 APP 2 RANK 76  137 62 28000 28000 38745076 38745076 113581878.381229 135073120.136968 0.000000
 APP 1 RANK 93  145 65 312 312 2947584 2947584 16883657.316315 8605244.928776 0.000000
 APP 1 RANK 108  153 68 988 988 3023776 3023776 25542371.651802 9878628.305172 0.000000
 APP 1 RANK 90  154 69 728 728 2991360 2991360 25335225.542804 9105298.728902 0.000000
 APP 2 RANK 71  155 70 24000 28000 32502492 32510492 108158304.563524 135068562.707995 0.000000
 APP 2 RANK 27  156 71 28000 28000 38731736 38731736 122520305.783182 135079794.379209 0.000000
 APP 2 RANK 65  163 73 24000 28000 32486276 32494276 98675500.172312 135072584.173930 0.000000
 APP 1 RANK 69  164 74 312 312 2947584 2947584 19542422.695407 8176511.976788 0.000000
 APP 0 RANK 97  180 80 1456 1456 759536 767456 13414418.625998 3907644.967604 0.000000
 APP 1 RANK 21  181 81 728 728 2991360 2991360 23782295.232398 10045837.806908 0.000000
 APP 0 RANK 52  182 82 1508 1508 764976 769008 25390902.436047 4187029.536503 0.000000
 APP 1 RANK 1  190 85 988 988 3023776 3023776 30779692.074002 7724004.287563 0.000000
 APP 1 RANK 91  199 89 728 728 2991360 2991360 27703478.235332 8989235.849157 0.000000
 APP 0 RANK 75  201 91 682 682 631424 621872 10358122.962646 3928443.031005 0.000000
 APP 2 RANK 28  207 92 28000 24000 32499384 32491384 89180811.345476 135082058.223780 0.000000
 APP 1 RANK 12  218 98 728 728 2991360 2991360 25197313.111578 9077336.366502 0.000000
 APP 0 RANK 109  225 100 1266 1266 640096 637120 11690439.611052 3955084.407025 0.000000
 APP 1 RANK 18  227 102 728 728 2991360 2991360 25590413.104552 8193468.387409 0.000000
 APP 0 RANK 25  228 103 674 674 633744 636432 7974190.804406 3862063.636122 0.000000
 APP 0 RANK 134  235 105 1530 1530 769872 767184 10879069.782325 3899841.115716 0.000000
 APP 0 RANK 142  236 106 958 958 630512 629792 7666744.005557 3895620.239231 0.000000
 APP 1 RANK 73  243 108 312 312 2947584 2947584 19573062.161727 8172026.105729 0.000000
 APP 0 RANK 56  253 113 1614 1614 762800 774128 10665687.683691 3945994.296633 0.000000
 APP 0 RANK 104  263 118 1170 1170 635392 630928 7057378.915177 3880884.008110 0.000000
 APP 2 RANK 94  264 119 28000 28000 36649744 36649744 106062040.773536 135070182.686278 0.000000
 APP 1 RANK 13  273 123 728 728 2991360 2991360 27216709.385541 8191209.005752 0.000000
 APP 0 RANK 128  282 127 1086 1086 754992 754464 9225986.735414 3995166.313892 0.000000
 APP 1 RANK 114  288 128 728 728 2991360 2991360 23652519.915420 8447231.487129 0.000000
 APP 2 RANK 73  299 134 28000 24000 32513740 32505740 85037726.569149 135085463.097606 0.000000
 APP 1 RANK 26  307 137 988 988 3023776 3023776 32665267.261341 7899411.015444 0.000000
 APP 0 RANK 110  327 147 882 882 626944 630880 8135005.775235 3907965.689637 0.000000
 APP 2 RANK 20  335 150 28000 24000 32510664 32502664 90103658.940454 135079483.322036 0.000000
 APP 1 RANK 120  336 151 988 988 3023776 3023776 34748767.992820 8586752.935106 0.000000
 APP 2 RANK 2  342 152 28000 28000 38747532 38747532 110781563.037488 135068713.903872 0.000000
 APP 1 RANK 51  344 154 728 728 2991360 2991360 24461529.178469 8349042.850895 0.000000
 APP 1 RANK 124  351 156 1144 1144 3045248 3045248 34454875.382181 8829296.478730 0.000000
 APP 2 RANK 37  352 157 24000 24000 29578180 29578180 86853374.422292 135061389.648279 0.000000
 APP 0 RANK 202  353 158 1612 1612 640704 639600 10764254.914968 3920663.007778 0.000000
 APP 2 RANK 83  360 160 28000 24000 32925712 32917712 88250650.976568 135073110.028069 0.000000
 APP 2 RANK 90  361 161 24000 28000 32488836 32496836 94917975.063559 135061123.192836 0.000000
 APP 1 RANK 58  371 166 988 988 3023776 3023776 27485099.438417 7779220.848794 0.000000
 APP 2 RANK 36  378 168 28000 24000 32926448 32918448 109554423.510144 135073640.776140 0.000000
 APP 0 RANK 149  387 172 748 748 505344 501600 5217941.261883 3931627.482417 0.000000
 APP 0 RANK 159  397 177 1070 1070 763200 758112 8996951.409158 3985639.218861 0.000000
 APP 1 RANK 67  405 180 312 312 2947584 2947584 19025855.740743 7909460.898057 0.000000
 APP 0 RANK 139  407 182 1064 1064 636640 635920 8663007.967566 3896075.961534 0.000000
 APP 2 RANK 62  414 184 24000 24000 29578936 29578936 98348269.894635 135066271.122706 0.000000
 APP 0 RANK 127  415 185 1444 1444 766352 761504 10054387.471444 3996525.723332 0.000000
 APP 0 RANK 214  417 187 576 576 500176 504832 5324133.795388 3922549.660000 0.000000
 APP 0 RANK 71  423 188 704 704 503200 503872 3781066.344479 3929709.682045 0.000000
 APP 0 RANK 70  426 191 884 884 632112 631392 6174573.572566 3937064.222882 0.000000
 APP 0 RANK 46  435 195 998 998 754928 759008 11118621.687289 4094054.658250 0.000000
 APP 0 RANK 187  442 197 1380 1380 636608 637856 8283186.346979 3915939.590188 0.000000
 APP 1 RANK 121  452 202 728 728 2991360 2991360 23201211.903990 8958378.860712 0.000000
 APP 2 RANK 12  459 204 24000 24000 29573788 29573788 81810345.684684 135064006.715472 0.000000
 APP 0 RANK 144  460 205 942 942 510096 503760 5685699.844355 3826319.827148 0.000000
 APP 1 RANK 48  469 209 728 728 2991360 2991360 27375726.144397 7889377.181168 0.000000
 APP 1 RANK 116  470 210 988 988 3023776 3023776 25210391.371078 7996937.719635 0.000000
 APP 1 RANK 7  478 213 988 988 3023776 3023776 28753544.833503 7649771.113814 0.000000
 APP 0 RANK 129  479 214 1474 1474 763632 759936 14466788.050176 4012905.290650 0.000000
 APP 2 RANK 50  480 215 28000 28000 32073480 32073480 84587533.006562 135077611.412120 0.000000
 APP 1 RANK 119  489 219 728 728 2991360 2991360 24635310.860783 8854376.273291 0.000000
 APP 0 RANK 105  495 220 1080 1080 627600 634848 7216069.566144 3993948.157926 0.000000
 APP 2 RANK 14  504 224 28000 24000 32512728 32504728 90045992.792933 135076098.322768 0.000000
 APP 0 RANK 136  506 226 1006 1006 760800 759840 8028750.495329 3959668.988203 0.000000
 APP 2 RANK 31  516 231 24000 24000 27919224 27919224 76979147.365547 135071423.863293 0.000000
 APP 1 RANK 65  534 239 312 312 2947584 2947584 17174159.467658 7712380.885724 0.000000
 APP 0 RANK 102  541 241 822 822 504432 505200 4238309.337805 3834086.313423 0.000000
 APP 0 RANK 189  543 243 682 682 624640 625600 5822987.550988 3962998.516163 0.000000
 APP 0 RANK 48  549 244 858 858 633072 629184 6371979.493826 3897022.503307 0.000000
 APP 0 RANK 174  551 246 644 644 504432 504480 4443490.612869 3840973.184672 0.000000
 APP 0 RANK 43  560 250 1044 1044 757920 762576 8946454.690272 3962422.668703 0.000000
 APP 0 RANK 167  577 257 948 948 629584 631648 7977153.165012 3992973.484366 0.000000
 APP 0 RANK 156  578 258 1096 1096 634208 637280 7071563.363071 3878160.977280 0.000000
 APP 2 RANK 64  579 259 28000 24000 32511148 32503148 93108908.199717 135082781.444209 0.000000
 APP 0 RANK 15  585 260 1042 1042 635520 632544 10783784.581637 4029629.049067 0.000000
 APP 2 RANK 21  587 262 24000 28000 32493036 32501036 82980438.349024 135061246.500117 0.000000
 APP 1 RANK 104  588 263 728 728 2991360 2991360 21518147.916170 8456827.410958 0.000000
 APP 0 RANK 201  595 265 1102 1102 635808 634752 7530394.319551 3890530.788020 0.000000
 APP 0 RANK 135  596 266 1688 1688 763888 770032 11371273.712681 4011895.764627 0.000000
 APP 0 RANK 32  603 268 670 670 502448 501248 4281483.606039 3869194.530208 0.000000
 APP 0 RANK 3  612 272 840 840 510816 505344 6403786.590421 3875174.206420 0.000000
 APP 0 RANK 85  631 281 1702 1702 763456 764992 15600482.471187 3939100.955023 0.000000
 APP 1 RANK 22  632 282 988 988 3023776 3023776 30947952.250545 7822292.110836 0.000000
 APP 1 RANK 31  640 285 728 728 2991360 2991360 29040728.497482 8259859.430055 0.000000
 APP 1 RANK 16  641 286 988 988 3023776 3023776 28706101.534736 8639627.455691 0.000000
 APP 0 RANK 173  651 291 846 846 628224 633456 7032241.135589 3926255.909210 0.000000
 APP 2 RANK 74  659 294 24000 28000 34580544 34588544 97306241.718305 135065879.833806 0.000000
 APP 0 RANK 12  660 295 1026 1026 507040 511216 5170715.903388 3864219.281602 0.000000
 APP 1 RANK 60  667 297 1144 1144 3045248 3045248 39769289.921010 8540455.933403 0.000000
 APP 0 RANK 69  668 298 780 780 627696 630960 6651325.305243 3965443.159302 0.000000
 APP 0 RANK 177  675 300 1448 1448 639376 642640 11761798.074964 3935263.232659 0.000000
 APP 1 RANK 63  677 302 312 312 2947584 2947584 20030298.621021 8458287.271001 0.000000
 APP 2 RANK 68  693 308 24000 28000 33328608 33336608 83366182.618644 135070627.119285 0.000000
 APP 1 RANK 82  694 309 312 312 2947584 2947584 17521054.790297 8210132.979494 0.000000
 APP 0 RANK 209  713 318 606 606 507216 505296 6102105.464364 3854036.446318 0.000000
 APP 0 RANK 7  714 319 790 790 629648 623648 8822149.523302 3892192.686784 0.000000
 APP 0 RANK 164  720 320 1762 1762 769920 774192 16172906.185878 3886901.119218 0.000000
 APP 1 RANK 6  722 322 988 988 3023776 3023776 29014465.497858 8160754.585698 0.000000
 APP 0 RANK 20  730 325 1058 1058 637728 632304 7874603.227067 3939476.782684 0.000000
 APP 2 RANK 8  738 328 28000 24000 32924208 32916208 96362075.188623 135068783.536944 0.000000
 APP 0 RANK 53  749 334 704 704 623760 625344 6274192.077208 4160091.577117 0.000000
 APP 1 RANK 71  758 338 312 312 2947584 2947584 17357368.417534 8029146.657561 0.000000
 APP 0 RANK 44  759 339 1010 1010 763248 761664 12826838.448349 3948851.019823 0.000000
 APP 0 RANK 107  765 340 736 736 504896 505472 4271397.403052 3951215.202666 0.000000
 APP 2 RANK 35  766 341 28000 28000 36670540 36670540 102937561.737202 135070370.040163 0.000000
 APP 1 RANK 52  767 342 988 988 3023776 3023776 28074071.453346 8121303.777334 0.000000
 APP 0 RANK 188  776 346 690 690 625216 626992 5819421.789026 3909500.796495 0.000000
 APP 0 RANK 171  777 347 980 980 753952 755872 11202349.380213 3880272.094260 0.000000
 APP 1 RANK 55  783 348 988 988 3023776 3023776 26214955.898092 8437461.561344 0.000000
 APP 2 RANK 15  785 350 24000 28000 32515708 32523708 96260227.897225 135060647.951175 0.000000
 APP 0 RANK 155  793 353 732 732 634656 634608 7039095.891534 3897214.740084 0.000000
 APP 1 RANK 78  801 356 312 312 2947584 2947584 15886562.279090 8383054.601308 0.000000
 APP 1 RANK 29  802 357 728 728 2991360 2991360 24051054.144100 8254285.317643 0.000000
 APP 2 RANK 96  803 358 24000 28000 32497608 32505608 90469607.588727 135063812.189553 0.000000
 APP 0 RANK 138  810 360 774 774 507168 509328 4675580.711604 3873834.258406 0.000000
 APP 0 RANK 176  820 365 1394 1394 646064 640832 9676989.684960 3869089.968429 0.000000
 APP 1 RANK 107  822 367 728 728 2991360 2991360 29634131.011586 8684588.784902 0.000000
 APP 0 RANK 165  828 368 1684 1684 764032 766672 10867797.272617 3926966.904528 0.000000
 APP 0 RANK 145  830 370 754 754 622736 619376 8114120.793009 3964973.718459 0.000000
 APP 0 RANK 122  840 375 1114 1114 760736 755984 12015667.434219 3994843.508561 0.000000
 APP 0 RANK 178  846 376 1090 1090 632064 636576 9715172.013175 3923697.659912 0.000000
 APP 1 RANK 102  849 379 728 728 2991360 2991360 22666362.004439 8184201.137940 0.000000
 APP 1 RANK 46  857 382 728 728 2991360 2991360 27648324.056355 8274083.547029 0.000000
 APP 1 RANK 87  867 387 728 728 2991360 2991360 24705870.545757 9107928.368115 0.000000
 APP 1 RANK 122  876 391 988 988 3023776 3023776 32176226.961857 8833068.643833 0.000000
 APP 2 RANK 97  882 392 28000 28000 36236440 36236440 96602550.836659 135069858.161804 0.000000
 APP 0 RANK 191  883 393 728 728 501328 505264 7310378.737975 4026908.248960 0.000000
 APP 2 RANK 87  884 394 24000 24000 29579992 29579992 83444178.211590 135064177.855104 0.000000
 APP 0 RANK 121  885 395 1494 1494 762304 756544 11336986.523303 4001840.008260 0.000000
 APP 0 RANK 67  891 396 670 670 625856 634496 6842967.296857 3893998.799728 0.000000
 APP 2 RANK 56  894 399 24000 24000 27921168 27921168 76525565.501605 135066637.403104 0.000000
 APP 0 RANK 83  901 401 1078 1078 633808 634048 8268319.421147 3959215.866455 0.000000
 APP 0 RANK 183  903 403 1032 1032 513760 510208 7453230.878965 3941371.871736 0.000000
 APP 1 RANK 61  918 408 312 312 2947584 2947584 17913030.863316 9939536.883936 0.000000
 APP 1 RANK 20  919 409 988 988 3023776 3023776 27857129.013473 10087426.092575 0.000000
 APP 1 RANK 95  920 410 312 312 2947584 2947584 17762598.707925 9955135.676857 0.000000
 APP 1 RANK 115  921 411 988 988 3023776 3023776 30573636.362837 9616126.717540 0.000000
 APP 1 RANK 4  927 412 1144 1144 3045248 3045248 32600081.131414 9758387.267276 0.000000
 APP 0 RANK 37  929 414 1008 1008 624176 633488 10706457.757489 4018775.347623 0.000000
 APP 0 RANK 195  938 418 1156 1156 639328 635680 7634853.536853 3934487.659166 0.000000
 APP 0 RANK 161  946 421 1002 1002 632368 633280 7985351.336865 4015807.400088 0.000000
 APP 1 RANK 70  947 422 728 728 2991360 2991360 28961041.650381 8695857.663636 0.000000
 APP 2 RANK 69  948 423 28000 28000 36652080 36652080 96433260.552010 135075715.657403 0.000000
 APP 0 RANK 5  956 426 386 386 376528 373792 3049542.532262 3846880.820662 0.000000
 APP 2 RANK 3  957 427 28000 24000 32501596 32493596 91946274.190562 135070869.134752 0.000000
 APP 2 RANK 85  963 428 28000 28000 36667220 36667220 103185635.861391 135070319.367746 0.000000
 APP 0 RANK 184  965 430 778 778 507072 502992 5838939.340392 3923412.891709 0.000000
 APP 0 RANK 194  972 432 972 972 633456 631440 6633198.216335 3880177.337555 0.000000
 APP 0 RANK 133  974 434 1854 1854 761120 771488 11204439.997934 3929607.944929 0.000000
 APP 1 RANK 72  981 436 728 728 2991360 2991360 24725355.522497 7901293.315570 0.000000
 APP 0 RANK 197  982 437 884 884 509120 511712 7458227.600025 4035704.108679 0.000000
 APP 2 RANK 78  984 439 28000 24000 32506812 32498812 94859224.653286 135074886.885121 0.000000
 APP 1 RANK 101  991 441 312 312 2947584 2947584 22669282.026492 8355419.436127 0.000000
 APP 0 RANK 2  993 443 566 566 503792 501008 7101815.614636 3868676.168001 0.000000
 APP 1 RANK 81  1001 446 312 312 2947584 2947584 17733824.789084 7458970.625675 0.000000
 APP 1 RANK 106  1010 450 988 988 3023776 3023776 29124767.935575 8788161.536383 0.000000
 APP 0 RANK 158  1019 454 1540 1540 765264 764496 11178559.171253 4012014.659863 0.000000
 APP 0 RANK 26  1020 455 1028 1028 634352 630848 8530056.213333 3920317.299046 0.000000
 APP 0 RANK 65  1035 460 1130 1130 629584 637984 7397751.426586 3951873.640304 0.000000
 APP 0 RANK 92  1037 462 1722 1722 764720 766832 11876853.025864 3954982.120937 0.000000
 APP 0 RANK 200  1046 466 1188 1188 639888 638736 9493023.989647 3894611.175773 0.000000
 APP 0 RANK 51  1047 467 1096 1096 759184 767632 13426600.557807 4142520.828295 0.000000
 APP 1 RANK 97  1055 470 728 728 2991360 2991360 25898710.489675 8679333.498864 0.000000
 APP 1 RANK 112  1062 472 728 728 2991360 2991360 23269550.771460 8396842.259465 0.000000
 APP 1 RANK 23  1063 473 988 988 3023776 3023776 29642754.429133 8364287.535572 0.000000
 APP 0 RANK 210  1089 484 464 464 377376 377184 2878413.557195 3807757.433799 0.000000
 APP 0 RANK 160  1090 485 1070 1070 762960 761328 9927799.391210 3952119.236738 0.000000
 APP 2 RANK 89  1092 487 28000 24000 32501152 32493152 88007747.850361 135070466.382862 0.000000
 APP 0 RANK 74  1108 493 1194 1194 637120 634864 8132836.956289 3957513.022478 0.000000
 APP 0 RANK 24  1109 494 664 664 502160 501872 5791944.065444 3816523.359491 0.000000
 APP 1 RANK 64  1110 495 312 312 2947584 2947584 20645028.596995 8692328.283411 0.000000
 APP 1 RANK 75  1116 496 312 312 2947584 2947584 19529434.993286 8503661.590205 0.000000
 APP 0 RANK 99  1118 498 1584 1584 773504 767936 16384179.481840 4021266.989557 0.000000
 APP 0 RANK 30  1119 499 646 646 382720 379504 5041528.190837 3855481.845129 0.000000
 APP 2 RANK 54  1125 500 28000 32000 39172064 39180064 108880997.832520 135070557.713762 0.000000
 APP 1 RANK 79  1127 502 728 728 2991360 2991360 26142425.295589 7774320.146053 0.000000
 APP 0 RANK 8  1128 503 1194 1194 641632 640528 10715780.821905 3901601.469805 0.000000
 APP 0 RANK 204  1145 510 934 934 504896 508400 4580375.438550 3867139.640877 0.000000
 APP 2 RANK 79  1146 511 28000 32000 39157496 39165496 112134072.080410 135067150.881467 0.000000
 APP 1 RANK 98  1152 512 728 728 2991360 2991360 26533663.751002 8369336.375738 0.000000
 APP 2 RANK 99  1153 513 24000 28000 34541172 34549172 86794542.130027 135063580.758597 0.000000
 APP 0 RANK 208  1155 515 970 970 635776 635968 8390716.343435 3905412.662815 0.000000
 APP 0 RANK 41  1161 516 804 804 508528 507328 5964838.253894 3891771.905783 0.000000
 APP 0 RANK 140  1170 520 676 676 622560 624000 5752432.054133 3901245.888977 0.000000
 APP 2 RANK 6  1173 523 24000 24000 27933140 27933140 88257236.315974 135062886.892447 0.000000
 APP 2 RANK 63  1179 524 28000 32000 40420396 40428396 116369713.745519 135079583.837285 0.000000
 APP 2 RANK 9  1180 525 24000 28000 32912828 32920828 84571400.109799 135060705.011530 0.000000
 APP 0 RANK 163  1181 526 972 972 751936 758272 9601949.229200 3967563.615067 0.000000
 APP 2 RANK 10  1182 527 28000 28000 36667572 36667572 98094084.780836 135070199.224783 0.000000
 APP 2 RANK 42  1190 530 28000 24000 32512212 32504212 99669968.399722 135073995.619020 0.000000
 APP 0 RANK 11  1197 532 528 528 502080 502656 4781186.752772 3914231.476420 0.000000
 APP 0 RANK 54  1198 533 708 708 631088 630992 6712018.324405 3856526.458703 0.000000
 APP 2 RANK 40  1199 534 24000 28000 32489604 32497604 88017718.857409 135065247.833738 0.000000
 APP 0 RANK 4  1209 539 464 464 506304 496032 5440754.547773 3871343.144311 0.000000
 APP 1 RANK 96  1217 542 312 312 2947584 2947584 16870389.456586 8222147.858443 0.000000
 APP 1 RANK 27  1218 543 988 988 3023776 3023776 33707518.005044 8242807.820001 0.000000
 APP 1 RANK 68  1224 544 312 312 2947584 2947584 18750490.472932 8002251.943350 0.000000
 APP 1 RANK 11  1233 548 728 728 2991360 2991360 22612112.784059 7967852.178776 0.000000
 APP 0 RANK 115  1234 549 1482 1482 762320 770384 13194816.436571 3927553.136291 0.000000
 APP 0 RANK 203  1242 552 694 694 506704 504256 4611968.421778 3846512.166973 0.000000
 APP 1 RANK 47  1251 556 728 728 2991360 2991360 27147917.308173 8086230.581026 0.000000
 APP 2 RANK 51  1260 560 28000 28000 38736336 38736336 97545125.997963 135075452.054781 0.000000
 APP 0 RANK 82  1261 561 1544 1544 769936 772144 11283560.774634 4060249.534084 0.000000
 APP 0 RANK 61  1270 565 954 954 760448 760688 9727219.714926 3879322.290722 0.000000
 APP 1 RANK 62  1278 568 312 312 2947584 2947584 21199171.018582 8528493.931526 0.000000
 APP 0 RANK 59  1288 573 1214 1214 640496 637136 7979629.553503 3991338.485679 0.000000
 APP 2 RANK 95  1289 574 28000 24000 32494248 32486248 104634242.358205 135073388.599957 0.000000
 APP 0 RANK 34  1290 575 676 676 505280 507824 4532457.376291 3881198.192527 0.000000
 APP 1 RANK 123  1296 576 988 988 3023776 3023776 28413685.923567 8184823.797922 0.000000
 APP 0 RANK 57  1299 579 1642 1642 774336 767760 16254265.863494 4053689.682619 0.000000
 APP 0 RANK 168  1307 582 954 954 636928 635248 10450892.841898 3858333.712464 0.000000
 APP 1 RANK 35  1308 583 728 728 2991360 2991360 29655856.869107 7946320.444451 0.000000
 APP 0 RANK 205  1317 587 896 896 633104 633152 5829971.525219 3846083.589823 0.000000
 APP 0 RANK 162  1324 589 736 736 629648 627632 6194756.157682 3877139.210636 0.000000
 APP 0 RANK 193  1332 592 1064 1064 630992 636752 7516645.122437 3911985.379537 0.000000
 APP 0 RANK 113  1333 593 496 496 503952 498384 4114859.637724 3922833.573308 0.000000
 APP 0 RANK 120  1334 594 1318 1318 641840 636224 7662431.497007 3901898.349975 0.000000
 APP 0 RANK 47  1335 595 1016 1016 634240 635488 7491880.998777 3964380.573402 0.000000
 APP 0 RANK 91  1352 602 1666 1666 772480 776464 10175904.164287 3898998.023683 0.000000
 APP 0 RANK 68  1353 603 1562 1562 647200 639568 7662057.375846 3915555.421731 0.000000
 APP 2 RANK 43  1361 606 24000 28000 33330416 33338416 82650974.802107 135062072.526834 0.000000
 APP 1 RANK 49  1371 611 728 728 2991360 2991360 28452721.432400 8046159.528459 0.000000
 APP 2 RANK 57  1377 612 28000 32000 39571236 39579236 111284155.904556 135075294.495665 0.000000
 APP 2 RANK 24  1378 613 24000 28000 34574828 34582828 87152392.579024 135063209.871702 0.000000
 APP 0 RANK 89  1379 614 1390 1390 643456 643168 8130062.371857 3990109.535442 0.000000
 APP 0 RANK 64  1380 615 1752 1752 771520 770080 12117045.751818 3992685.312426 0.000000
 APP 0 RANK 9  1386 616 1010 1010 628592 629120 9910294.680865 3963121.826118 0.000000
 APP 1 RANK 99  1388 618 728 728 2991360 2991360 24657006.426326 9125729.258630 0.000000
 APP 0 RANK 157  1396 621 1082 1082 768768 762288 9948712.682239 4012021.605336 0.000000
 APP 0 RANK 66  1406 626 718 718 503712 504912 5308639.950812 3872645.855525 0.000000
 APP 2 RANK 52  1413 628 28000 28000 38740296 38740296 114298740.236954 135076057.058284 0.000000
 APP 0 RANK 119  1415 630 854 854 633344 631952 6955283.025379 3956178.857208 0.000000
 APP 0 RANK 63  1422 632 1066 1066 761504 762656 10509097.913426 3987686.190352 0.000000
 APP 2 RANK 86  1433 638 28000 24000 32913384 32905384 111031846.936021 135073914.637229 0.000000
 APP 0 RANK 98  1434 639 1050 1050 757648 756352 8959879.375936 3976371.744238 0.000000
 APP 0 RANK 27  1442 642 1236 1236 639520 637600 9307369.697848 4003904.740888 0.000000
 APP 2 RANK 13  1449 644 28000 32000 40403528 40411528 121029036.703681 135069157.577588 0.000000
 APP 0 RANK 72  1451 646 848 848 512208 506160 6123639.781161 3849704.605513 0.000000
 APP 1 RANK 56  1458 648 988 988 3023776 3023776 21008410.871873 9162011.668665 0.000000
 APP 2 RANK 92  1459 649 28000 24000 32511208 32503208 97288093.686490 135078832.909832 0.000000
 APP 0 RANK 14  1468 653 1066 1066 637216 633856 9236628.285014 3963721.466347 0.000000
 APP 0 RANK 181  1469 654 654 654 503696 504848 5428702.790311 3906616.079691 0.000000
 APP 1 RANK 86  1478 658 728 728 2991360 2991360 24587271.779711 9287163.671510 0.000000
 APP 0 RANK 100  1479 659 1012 1012 752656 757504 12473869.317182 4011822.649004 0.000000
 APP 2 RANK 93  1486 661 24000 28000 33332156 33340156 86519914.489823 135061861.308511 0.000000
 APP 0 RANK 118  1488 663 1038 1038 756176 758672 10849286.625952 3963416.987237 0.000000
 APP 1 RANK 45  1496 666 728 728 2991360 2991360 23503298.183184 9088782.899890 0.000000
 APP 1 RANK 0  1497 667 1144 1144 3045248 3045248 30200262.044110 9762900.016843 0.000000
 APP 0 RANK 180  1503 668 654 654 386480 380576 3769891.434790 3844232.677222 0.000000
 APP 2 RANK 72  1506 671 28000 28000 36243032 36243032 104750663.855915 135082186.401116 0.000000
 APP 0 RANK 190  1512 672 1206 1206 640240 635248 9658303.280302 4006612.579725 0.000000
 APP 1 RANK 89  1513 673 312 312 2947584 2947584 18807085.807684 8350949.539482 0.000000
 APP 0 RANK 137  1522 677 1182 1182 634784 635504 6836712.537517 3987003.832210 0.000000
 APP 0 RANK 185  1539 684 726 726 379568 380288 7015297.688784 3945446.332210 0.000000
 APP 1 RANK 14  1540 685 988 988 3023776 3023776 31980228.542542 8068893.770424 0.000000
 APP 1 RANK 28  1541 686 1144 1144 3045248 3045248 35333202.976158 8330380.421592 0.000000
 APP 1 RANK 42  1542 687 988 988 3023776 3023776 31499882.410786 9019061.217132 0.000000
 APP 2 RANK 60  1548 688 28000 28000 36652636 36652636 101776994.386886 135075525.602052 0.000000
 APP 0 RANK 93  1549 689 1458 1458 764800 769120 12453279.062615 4004175.978867 0.000000
 APP 0 RANK 73  1551 691 1212 1212 630768 630672 8891316.346108 4030238.344449 0.000000
 APP 2 RANK 38  1560 695 28000 32000 40395288 40403288 100462485.076938 135072333.556849 0.000000
 APP 0 RANK 198  1569 699 950 950 506496 506832 4856760.060757 3900297.621732 0.000000
 APP 0 RANK 39  1575 700 726 726 627344 625760 7222615.974392 3906096.784680 0.000000
 APP 0 RANK 150  1584 704 904 904 632336 626816 7222019.619074 3968608.347518 0.000000
 APP 2 RANK 82  1586 706 28000 32000 39590796 39598796 117352696.653618 135069830.804201 0.000000
 APP 0 RANK 153  1587 707 1022 1022 759280 756832 9618688.632474 3897744.996668 0.000000
 APP 0 RANK 116  1594 709 1732 1732 776432 773456 11525413.264760 3990131.061608 0.000000
 APP 2 RANK 11  1595 710 28000 24000 32918660 32910660 97556052.660441 135073533.624074 0.000000
 APP 1 RANK 113  1605 715 728 728 2991360 2991360 26002331.984226 8758194.256083 0.000000
 APP 1 RANK 5  1611 716 988 988 3023776 3023776 30819196.059813 8750350.577969 0.000000
 APP 0 RANK 23  1613 718 740 740 503136 503376 7377011.284338 3946131.959724 0.000000
 APP 2 RANK 44  1614 719 28000 28000 36664632 36664632 96443739.252470 135071409.127624 0.000000
 APP 1 RANK 34  1620 720 988 988 3023776 3023776 30158965.513892 7905974.822436 0.000000
 APP 1 RANK 100  1621 721 728 728 2991360 2991360 27418368.688675 8516229.391184 0.000000
 APP 2 RANK 4  1623 723 28000 32000 39170140 39178140 100236703.362690 135065329.779184 0.000000
 APP 0 RANK 111  1632 727 884 884 630400 625072 7375315.539061 3936219.676402 0.000000
 APP 1 RANK 41  1656 736 728 728 2991360 2991360 24945265.003458 9120970.248372 0.000000
 APP 0 RANK 84  1658 738 1054 1054 632272 636880 9793977.496806 3891758.642654 0.000000
 APP 1 RANK 80  1659 739 728 728 2991360 2991360 24352526.890148 9682802.283125 0.000000
 APP 0 RANK 196  1665 740 788 788 623344 629008 8396872.836998 3911300.458091 0.000000
 APP 0 RANK 58  1666 741 1346 1346 758496 760512 11890764.501029 4193865.807390 0.000000
 APP 1 RANK 110  1674 744 312 312 2947584 2947584 17288352.245901 8043487.829404 0.000000
 APP 1 RANK 43  1683 748 988 988 3023776 3023776 34458727.984332 8224959.020494 0.000000
 APP 0 RANK 182  1686 751 734 734 505232 506288 6464560.484972 3936143.256191 0.000000
 APP 2 RANK 81  1693 753 24000 24000 27913272 27913272 84196283.744613 135066375.048281 0.000000
 APP 0 RANK 36  1695 755 650 650 506832 500784 5397835.093301 3926609.858447 0.000000
 APP 1 RANK 8  1701 756 1144 1144 3045248 3045248 30129417.988832 9751321.558955 0.000000
 APP 1 RANK 54  1702 757 728 728 2991360 2991360 22341750.046543 9870488.889266 0.000000
 APP 2 RANK 25  1711 761 28000 28000 32086876 32086876 88949086.584564 135085642.226567 0.000000
 APP 0 RANK 103  1713 763 724 724 630896 630752 6303697.807704 3929623.427419 0.000000
 APP 1 RANK 2  1720 765 988 988 3023776 3023776 31807515.443587 9307074.831195 0.000000
 APP 0 RANK 146  1721 766 1178 1178 634096 629584 11185351.731743 3937191.461895 0.000000
 APP 0 RANK 21  1722 767 708 708 633792 628800 10258020.220020 4042620.691495 0.000000
 APP 0 RANK 170  1748 778 1506 1506 759744 761376 12347392.475210 3884160.303023 0.000000
 APP 1 RANK 83  1749 779 728 728 2991360 2991360 26839205.433151 8687193.430362 0.000000
 APP 2 RANK 48  1765 785 28000 24000 32497448 32489448 86452522.060364 135074648.131040 0.000000
 APP 1 RANK 40  1766 786 988 988 3023776 3023776 24810505.689316 7556491.164627 0.000000
 APP 1 RANK 92  1775 790 988 988 3023776 3023776 32999435.103140 8318957.433734 0.000000
 APP 2 RANK 46  1785 795 24000 28000 32504656 32512656 80435193.182024 135064602.072700 0.000000
 APP 0 RANK 76  1791 796 944 944 628368 629616 7722178.962930 3975222.042073 0.000000
 APP 0 RANK 13  1792 797 1004 1004 633712 637312 8750128.539302 3897169.635411 0.000000
 APP 0 RANK 206  1793 798 1174 1174 626864 633632 7109592.564728 3890042.844825 0.000000
 APP 0 RANK 1  1794 799 832 832 502384 506272 5683672.825654 3862500.740552 0.000000
 APP 2 RANK 98  1827 812 28000 24000 32480632 32472632 90265867.200450 135072991.870007 0.000000
 APP 1 RANK 105  1837 817 728 728 2991360 2991360 24968619.940402 7913487.809006 0.000000
 APP 2 RANK 22  1846 821 28000 28000 36248328 36248328 92891253.900180 135071447.593984 0.000000
 APP 2 RANK 55  1848 823 28000 24000 33734884 33726884 92416808.707581 135073879.087668 0.000000
 APP 1 RANK 53  1854 824 728 728 2991360 2991360 23837776.039802 8481321.708703 0.000000
 APP 0 RANK 96  1856 826 992 992 636784 632080 10604318.734501 3856607.218804 0.000000
 APP 0 RANK 6  1857 827 654 654 509232 503040 7113991.370519 3873367.214428 0.000000
 APP 0 RANK 106  1864 829 1034 1034 628688 630656 7985457.265397 3941797.794865 0.000000
 APP 1 RANK 24  1865 830 1144 1144 3045248 3045248 29637712.969978 8333744.523180 0.000000
 APP 2 RANK 59  1872 832 24000 28000 32901292 32909292 82078169.289367 135067993.252293 0.000000
 APP 0 RANK 130  1881 836 1666 1666 765712 766912 9180356.978196 3980998.064912 0.000000
 APP 2 RANK 45  1890 840 28000 24000 32512460 32504460 92773928.158698 135074812.216219 0.000000
 APP 0 RANK 50  1892 842 1036 1036 756224 760544 8303688.302255 3975365.174118 0.000000
 APP 2 RANK 70  1893 843 28000 24000 32513128 32505128 88214564.834051 135079125.674944 0.000000
 APP 2 RANK 26  1899 844 28000 28000 38747032 38747032 103936922.262723 135079791.252809 0.000000
 APP 0 RANK 33  1901 846 794 794 508528 506320 4489949.920912 3944248.618957 0.000000
 APP 0 RANK 211  1910 850 736 736 501488 503840 3694212.390585 3829392.151163 0.000000
 APP 0 RANK 86  1911 851 1096 1096 769744 758848 8815600.213655 3951940.927207 0.000000
 APP 0 RANK 108  1918 853 748 748 505968 506112 4531779.127417 3877004.856109 0.000000
 APP 0 RANK 213  1919 854 776 776 501200 504656 4144271.360813 3951841.604845 0.000000
 APP 0 RANK 18  1920 855 756 756 510544 505744 4539465.209243 3808632.988297 0.000000
 APP 0 RANK 60  1927 857 926 926 635488 636784 6515022.183280 3849428.392736 0.000000
 APP 2 RANK 18  1929 859 24000 28000 33333032 33341032 103001210.039653 135063760.881942 0.000000
 APP 2 RANK 53  1938 863 28000 24000 32496240 32488240 90118195.188053 135085581.281520 0.000000
 APP 1 RANK 10  1945 865 728 728 2991360 2991360 22959297.802560 7854001.499446 0.000000
 APP 0 RANK 38  1953 868 886 886 634528 627184 8539603.601650 3939691.090410 0.000000
 APP 2 RANK 75  1954 869 28000 28000 32073304 32073304 94136805.358214 135075613.560811 0.000000
 APP 0 RANK 166  1972 877 1410 1410 760896 762960 9353869.686971 3936489.396939 0.000000
 APP 0 RANK 147  1974 879 682 682 628752 626448 7064074.502149 3940873.018756 0.000000
 APP 2 RANK 23  1980 880 28000 24000 32512220 32504220 90881758.203386 135074919.906921 0.000000
 APP 2 RANK 34  1982 882 24000 28000 32917724 32925724 94479126.660338 135064969.939720 0.000000
 APP 1 RANK 76  1983 883 728 728 2991360 2991360 25683891.080285 8288869.448361 0.000000
 APP 0 RANK 101  1989 884 1028 1028 637200 636000 7078014.826079 4021564.182870 0.000000
 APP 0 RANK 154  1990 885 1392 1392 762240 769488 9831639.371931 3950091.035684 0.000000
 APP 0 RANK 79  1991 886 968 968 758752 756064 10199943.027293 3912901.252982 0.000000
 APP 0 RANK 0  2001 891 478 478 379712 374336 3049093.633643 3827535.515271 0.000000
 APP 2 RANK 58  2007 892 28000 24000 32913348 32905348 88960041.855722 135078686.341229 0.000000
 APP 0 RANK 87  2008 893 1548 1548 765776 767888 10489621.221200 4038243.547132 0.000000
 APP 1 RANK 19  2019 899 988 988 3023776 3023776 29633931.625756 8842465.907351 0.000000
 APP 2 RANK 66  2026 901 28000 28000 36263460 36263460 98268009.502671 135080082.223209 0.000000
 APP 2 RANK 80  2034 904 28000 24000 33753704 33745704 102886806.000403 135070546.093882 0.000000
 APP 1 RANK 25  2036 906 988 988 3023776 3023776 28058595.166779 9249843.463397 0.000000
 APP 1 RANK 109  2037 907 312 312 2947584 2947584 18791343.257028 9439417.613690 0.000000
 APP 2 RANK 29  2044 909 28000 32000 39165636 39173636 106263385.080297 135075643.525715 0.000000
 APP 0 RANK 31  2045 910 768 768 502352 507968 5801812.840748 3817787.058532 0.000000
 APP 0 RANK 42  2054 914 996 996 631104 633792 9541296.145644 3906107.461857 0.000000
 APP 1 RANK 30  2062 917 728 728 2991360 2991360 25101241.763894 9130635.774488 0.000000
 APP 0 RANK 45  2063 918 1952 1952 772496 774320 19726123.799500 3996464.300855 0.000000
 APP 1 RANK 15  2064 919 728 728 2991360 2991360 21797462.614695 9054522.017998 0.000000
 APP 0 RANK 192  2071 921 722 722 504384 505824 5288002.868494 3883136.987702 0.000000
 APP 0 RANK 212  2072 922 866 866 503504 507824 5343450.977066 3915578.451026 0.000000
 APP 2 RANK 5  2073 923 28000 24000 33759788 33751788 95962608.546327 135068716.398470 0.000000
 APP 0 RANK 77  2080 925 602 602 504448 501568 5965417.173374 3944039.646717 0.000000
 APP 0 RANK 207  2091 931 804 804 630752 631856 6634645.153356 3909972.795143 0.000000
 APP 2 RANK 17  2109 939 28000 24000 32512832 32504832 94129218.666156 135077193.103212 0.000000
 APP 1 RANK 84  2115 940 728 728 2991360 2991360 27017075.060761 8802327.788640 0.000000
 APP 0 RANK 88  2116 941 1014 1014 752480 756128 11149820.933216 4201764.721210 0.000000
 APP 2 RANK 41  2124 944 28000 28000 36249024 36249024 93872716.622297 135070861.369279 0.000000
 APP 0 RANK 80  2125 945 1024 1024 757440 759024 10448013.400703 3981341.312884 0.000000
 APP 0 RANK 22  2127 947 1132 1132 633472 636928 9879989.433628 4013011.209275 0.000000
 APP 1 RANK 44  2134 949 1144 1144 3045248 3045248 29856393.140450 9639772.262193 0.000000
 APP 1 RANK 111  2135 950 728 728 2991360 2991360 26647683.050654 9024610.927493 0.000000
 APP 0 RANK 19  2136 951 1224 1224 637680 635664 10895616.123619 3848368.258033 0.000000
 APP 2 RANK 49  2142 952 24000 28000 34559788 34567788 101551574.315253 135062199.498186 0.000000
 APP 1 RANK 38  2151 956 728 728 2991360 2991360 22879382.367957 8932960.328560 0.000000
 APP 0 RANK 114  2153 958 668 668 625664 621584 7945637.608824 3958238.660125 0.000000
 APP 0 RANK 10  2154 959 956 956 630464 627536 13099067.162511 3968188.150348 0.000000
 APP 1 RANK 74  2160 960 728 728 2991360 2991360 27403397.674501 7887563.869607 0.000000
 APP 0 RANK 16  2162 962 978 978 631728 633312 11496910.766480 4032423.225838 0.000000
 APP 0 RANK 28  2170 965 878 878 636640 630160 7780733.302317 3990953.603261 0.000000
 APP 2 RANK 7  2171 966 28000 32000 39588272 39596272 105461988.498296 135065309.139218 0.000000
 APP 0 RANK 95  2172 967 740 740 628560 629424 8008351.884594 4026710.389200 0.000000
 APP 0 RANK 148  2178 968 930 930 627856 633328 8164193.099681 4038469.401186 0.000000
 APP 1 RANK 85  2187 972 312 312 2947584 2947584 21799237.455814 8344522.890237 0.000000
 APP 0 RANK 81  2190 975 1454 1454 762912 764400 15027935.402949 4050457.023295 0.000000
 APP 0 RANK 78  2196 976 942 942 634640 632528 7118559.975874 3927019.646821 0.000000
 APP 0 RANK 55  2215 985 1344 1344 765184 764800 11101049.726475 3899963.209751 0.000000
 APP 0 RANK 131  2224 989 1270 1270 636032 633968 10809884.102034 4036418.784129 0.000000
 APP 1 RANK 37  2225 990 728 728 2991360 2991360 23542700.875549 8615438.724383 0.000000
 APP 2 RANK 67  2233 993 28000 24000 32516192 32508192 106156555.893437 135083530.242801 0.000000
 APP 1 RANK 36  2242 997 988 988 3023776 3023776 31264544.886620 7727277.607602 0.000000
 APP 0 RANK 179  2243 998 964 964 511216 509680 5155569.813155 3874905.955841 0.000000
 APP 1 RANK 118  2250 1000 728 728 2991360 2991360 22812510.823193 8378459.364597 0.000000
 APP 0 RANK 90  2253 1003 1628 1628 639792 643248 8879983.744587 3870905.902461 0.000000
 APP 0 RANK 175  2260 1005 898 898 629008 630592 5664891.908425 3905306.536462 0.000000
 APP 2 RANK 16  2271 1011 28000 28000 36259468 36259468 105583921.666424 135073631.259023 0.000000
 APP 0 RANK 126  2278 1013 772 772 632336 628784 7364105.371913 3858576.140488 0.000000
 APP 0 RANK 62  2287 1017 1460 1460 760976 761840 9398396.633094 3924624.549337 0.000000
 APP 2 RANK 39  2288 1018 28000 24000 32509204 32501204 90562466.602410 135075825.290955 0.000000
 APP 0 RANK 151  2289 1019 1574 1574 765968 773168 9384114.184988 3914263.107082 0.000000
 APP 0 RANK 29  2295 1020 690 690 509184 505872 4220409.703977 3889177.074784 0.000000
 APP 0 RANK 49  2297 1022 1852 1852 770576 771728 10113166.095550 3908624.782534 0.000000
 APP 1 RANK 88  2307 1027 988 988 3023776 3023776 28578734.420076 8002537.128533 0.000000
 APP 1 RANK 77  2314 1029 312 312 2947584 2947584 19340788.268436 8610516.764426 0.000000
 APP 1 RANK 17  2322 1032 728 728 2991360 2991360 25115216.869236 7830007.617655 0.000000
 APP 2 RANK 1  2324 1034 28000 28000 38753880 38753880 99545970.013045 135068183.434499 0.000000
 APP 0 RANK 123  2325 1035 1504 1504 760528 758992 15412950.529747 4016747.648998 0.000000
 APP 1 RANK 59  2331 1036 988 988 3023776 3023776 26358214.341244 9116986.712405 0.000000
 APP 0 RANK 17  2333 1038 628 628 509008 502912 5814617.831352 3983612.819585 0.000000
 APP 2 RANK 84  2340 1040 24000 28000 32915360 32923360 102930432.993610 135065296.006449 0.000000
 APP 1 RANK 3  2341 1041 988 988 3023776 3023776 26363755.226865 8165437.507000 0.000000
 APP 2 RANK 0  2343 1043 28000 28000 32064632 32064632 102315243.186939 135070859.321287 0.000000
 APP 0 RANK 143  2349 1044 544 544 503920 504304 5036045.311707 3908391.058149 0.000000
 APP 1 RANK 103  2350 1045 312 312 2947584 2947584 16141631.664696 7819052.814274 0.000000
 APP 2 RANK 47  2352 1047 28000 28000 36240660 36240660 103636849.135204 135071327.230371 0.000000
 APP 0 RANK 94  2367 1052 1538 1538 762832 763408 10806177.131676 4048053.585607 0.000000
 APP 0 RANK 215  2370 1055 468 468 375408 379872 2658097.146444 3945795.060594 0.000000