# Format <LP ID> <Group ID> <Router ID> <Busy time per router port(s)># Router ports in the order: 8 local channels, 4 global channels 

 8 0 0 0.000000 3799425.586164 190116.919415 0.000000 0.000000 0.000000 0.000000 0.000000 0.000000 0.000000 0.000000 0.000000
 17 0 1 321813.083448 0.000000 286747.163600 140744.231500 0.000000 0.000000 4689.747563 0.000000 3664383.711953 0.000000 0.000000 0.000000
 26 0 2 246425.804391 3653771.326909 0.000000 179281.008374 161360.192969 0.000000 0.000000 61837.052458 5132.188651 0.000000 0.000000 0.000000
 35 0 3 0.000000 3710791.856701 216267.006314 0.000000 256795.175766 173598.427304 0.000000 0.000000 0.000000 0.000000 0.000000 0.000000
 44 0 4 0.000000 3420766.990281 196751.552985 269795.232828 0.000000 263831.829295 136926.572774 0.000000 0.000000 0.000000 0.000000 0.000000
 53 0 5 0.000000 3278616.695100 0.000000 185696.147273 274152.223957 0.000000 174694.590472 163946.998954 0.000000 0.000000 0.000000 0.000000
 62 0 6 0.000000 4511427.477385 0.000000 0.000000 164162.588507 228701.105168 0.000000 244882.085835 0.000000 0.000000 0.000000 0.000000
 71 0 7 0.000000 2462897.604330 292234.939215 0.000000 0.000000 156313.394439 260787.345412 0.000000 0.000000 0.000000 0.000000 0.000000
 80 1 0 0.000000 0.000000 1314559.337502 1399.342506 1703.364544 0.000000 0.000000 4619.064876 3627093.277395 0.000000 0.000000 0.000000
 89 1 1 3051602.609327 0.000000 3303250.268788 236071.868368 0.000000 0.000000 0.000000 0.000000 0.000000 0.000000 0.000000 0.000000
 98 1 2 2239506.343085 288861.323250 0.000000 269171.346170 147636.908799 286.203325 5635.721648 5274.251171 3858271.787347 0.000000 0.000000 0.000000
 107 1 3 3075905.940266 201041.291287 3596331.453710 0.000000 154208.699757 188941.324952 0.000000 18152.031207 2157.198969 0.000000 0.000000 0.000000
 116 1 4 3185388.958228 0.000000 3187463.975416 224724.639383 0.000000 319985.981024 169403.621808 0.000000 0.000000 0.000000 0.000000 0.000000
 125 1 5 3042273.632256 0.000000 3300747.217567 183008.905888 348177.232714 0.000000 281624.664071 136258.988275 0.000000 0.000000 0.000000 0.000000
 134 1 6 2978810.249572 0.000000 4621207.197084 0.000000 238169.262736 291075.012280 0.000000 132474.789021 0.000000 0.000000 0.000000 0.000000
 143 1 7 2972462.227387 0.000000 3886315.022058 315332.166410 0.000000 208574.161202 191319.108568 0.000000 0.000000 0.000000 0.000000 0.000000
 152 2 0 0.000000 4029424.198949 0.000000 2780753.991812 0.000000 0.000000 0.000000 0.000000 215122.269080 0.000000 0.000000 0.000000
 161 2 1 239813.025964 0.000000 8881.318356 1165093.758758 0.000000 1955.017512 0.000000 0.000000 3749099.299982 0.000000 0.000000 0.000000
 170 2 2 0.000000 2864637.103872 0.000000 3041668.144072 169622.413537 0.000000 0.000000 0.000000 0.000000 0.000000 0.000000 0.000000
 179 2 3 0.000000 1949261.470637 302107.875660 0.000000 259519.532155 138829.153321 3052.440265 1220.320408 3584876.243574 0.000000 0.000000 0.000000
 188 2 4 0.000000 2884958.364747 210739.779161 3122732.336396 0.000000 188974.945220 169873.985416 1537.506527 25520.856435 0.000000 0.000000 0.000000
 197 2 5 0.000000 3183964.939589 0.000000 3198080.797854 198374.020548 0.000000 242316.295339 134412.107572 0.000000 0.000000 0.000000 0.000000
 206 2 6 0.000000 3058427.612289 0.000000 4355904.385605 179532.081797 286705.503189 0.000000 237023.858223 0.000000 0.000000 0.000000 0.000000
 215 2 7 0.000000 3065335.797942 0.000000 2710105.382238 309426.110269 173947.288033 284090.108352 0.000000 0.000000 0.000000 0.000000 0.000000
 224 3 0 0.000000 577039.703005 2928569.489371 0.000000 2787720.602543 0.000000 0.000000 0.000000 0.000000 0.000000 0.000000 0.000000
 233 3 1 254477.064947 0.000000 4196183.901652 0.000000 2693264.312866 0.000000 0.000000 0.000000 1234.102502 0.000000 0.000000 0.000000
 242 3 2 158338.599377 240950.087760 0.000000 0.000000 1315644.834804 14.083832 0.000000 2009.353753 3501997.735129 0.000000 0.000000 0.000000
 251 3 3 0.000000 0.000000 2520820.943396 0.000000 2973688.801899 165834.956880 0.000000 0.000000 0.000000 0.000000 0.000000 0.000000
 260 3 4 0.000000 0.000000 1828940.551571 241482.626209 0.000000 234994.171576 147331.242007 16570.906832 3750912.022378 0.000000 0.000000 0.000000
 269 3 5 0.000000 0.000000 2582267.964300 161324.811413 3047450.403099 0.000000 133886.758483 167535.912949 2803.313398 0.000000 0.000000 0.000000
 278 3 6 0.000000 0.000000 2676350.127441 0.000000 4297260.222414 180217.299854 0.000000 222051.434237 0.000000 0.000000 0.000000 0.000000
 287 3 7 0.000000 0.000000 2596810.328113 0.000000 3617487.977788 484741.708810 243816.721509 0.000000 0.000000 0.000000 0.000000 0.000000
 296 4 0 0.000000 151416.100182 493600.810177 2872190.546141 0.000000 2584275.988716 0.000000 0.000000 0.000000 0.000000 0.000000 0.000000
 305 4 1 210520.381507 0.000000 217412.347159 4012810.895932 0.000000 2556182.377056 0.000000 0.000000 0.000000 0.000000 0.000000 0.000000
 314 4 2 201062.002487 243670.517468 0.000000 3202511.351744 0.000000 2443688.140199 0.000000 0.000000 1798.286299 0.000000 0.000000 0.000000
 323 4 3 0.000000 156499.786292 234192.541352 0.000000 4043.420910 1217212.059423 0.000000 0.000000 3673132.049020 0.000000 0.000000 0.000000
 332 4 4 0.000000 0.000000 0.000000 2650163.454614 0.000000 2532424.502033 140504.349084 0.000000 0.000000 0.000000 0.000000 0.000000
 341 4 5 0.000000 0.000000 0.000000 1885146.406946 254662.982283 0.000000 282353.207951 164073.130123 3700338.666725 0.000000 0.000000 0.000000
 350 4 6 0.000000 0.000000 0.000000 2868967.440240 167271.700122 4027948.276734 0.000000 165653.770189 0.000000 0.000000 0.000000 0.000000
 359 4 7 0.000000 0.000000 0.000000 2694945.829160 0.000000 3167446.423055 488433.681508 0.000000 0.000000 0.000000 0.000000 0.000000
 368 5 0 0.000000 230993.892149 158788.015884 304306.259457 3648781.530669 0.000000 1041990.900951 0.000000 0.000000 0.000000 0.000000 0.000000
 377 5 1 234955.991007 0.000000 133362.974256 156492.353353 4671755.457312 0.000000 1205108.985990 0.000000 0.000000 0.000000 0.000000 0.000000
 386 5 2 166769.430869 191502.298306 0.000000 220842.949330 3366412.857466 0.000000 1167263.211227 0.000000 0.000000 0.000000 0.000000 0.000000
 395 5 3 251.847503 162235.188570 268118.346969 0.000000 3597904.490674 0.000000 950454.800968 0.000000 828.820214 0.000000 0.000000 0.000000
 404 5 4 0.000000 0.000000 151485.594419 250769.543243 0.000000 12238.401077 537524.026928 0.000000 4014226.505164 0.000000 0.000000 0.000000
 413 5 5 0.000000 0.000000 0.000000 0.000000 3106023.383182 0.000000 242637.859198 151490.635909 0.000000 0.000000 0.000000 0.000000
 422 5 6 2664.826999 14929.051819 0.000000 3461.685026 2331794.960352 290522.686369 0.000000 244753.652125 1577623.983425 0.000000 0.000000 0.000000
 431 5 7 0.000000 0.000000 0.000000 0.000000 3169805.695261 169931.687578 1130436.895097 0.000000 0.000000 0.000000 0.000000 0.000000
 440 6 0 0.000000 223711.876381 151787.631221 0.000000 289531.352781 1801230.412468 69758.151862 832664.549495 0.000000 1075918.922555 0.000000 0.000000
 449 6 1 237450.397765 0.000000 232177.233126 131492.028486 0.000000 2634922.838650 0.000000 0.000000 0.000000 0.000000 0.000000 0.000000
 458 6 2 163462.096824 254083.074623 0.000000 163202.495466 144786.386350 1711139.535480 0.000000 0.000000 0.000000 0.000000 0.000000 0.000000
 467 6 3 0.000000 149436.221890 173367.830601 0.000000 209061.860378 2229070.152114 0.000000 0.000000 0.000000 0.000000 0.000000 0.000000
 476 6 4 3504.711912 0.000000 184620.400428 241083.867812 0.000000 2281382.717276 0.000000 0.000000 0.000000 0.000000 0.000000 0.000000
 485 6 5 7313.619934 640.732238 6200.467666 163856.894415 258015.514711 0.000000 0.000000 0.000000 2415833.180558 0.000000 0.000000 0.000000
 494 6 6 1291170.878583 0.000000 0.000000 0.000000 0.000000 0.000000 0.000000 18287307.487291 0.000000 0.000000 0.000000 0.000000
 503 6 7 4419264.795437 0.000000 0.000000 0.000000 0.000000 0.000000 2917647.435663 0.000000 6331851.261373 0.000000 0.000000 0.000000
 512 7 0 0.000000 8455433.214023 1320417.271685 0.000000 823488.518746 29743.646197 9275911.160883 88751.015152 0.000000 14298497.452988 0.000000 0.000000
 521 7 1 13660413.671379 0.000000 4746000.630899 700036.349947 14972.059906 67595.853147 4562194.572137 185428.255538 0.000000 12815112.573159 0.000000 0.000000
 530 7 2 1116360.460441 11676180.215239 0.000000 2734010.884161 55800.002578 0.000000 6378505.345342 88606.922259 0.000000 4729176.360319 0.000000 0.000000
 539 7 3 5466.295913 12890544.100482 6925193.272972 0.000000 1278273.630775 0.000000 5926015.014707 0.000000 0.000000 0.000000 0.000000 0.000000
 548 7 4 22240481.292815 3230690.019142 1070079.385468 1524550.049942 0.000000 1747282.540122 4351946.609085 1147839.764094 0.000000 0.000000 0.000000 0.000000
 557 7 5 20207557.041095 8555429.158993 0.000000 0.000000 2052642.523612 0.000000 7038824.352770 1106457.875749 0.000000 0.000000 0.000000 0.000000
 566 7 6 9112057.952007 11171197.570610 135667.442540 42254.351174 650357.072728 1883862.216228 0.000000 1708441.979187 9689919.630609 0.000000 0.000000 0.000000
 575 7 7 14711852.706851 13567475.126997 2940694.528883 0.000000 1407383.373240 1216250.778863 4109730.027782 0.000000 0.000000 0.000000 0.000000 0.000000
 584 8 0 0.000000 12609658.713315 6280827.581470 0.000000 0.000000 0.000000 1555697.670907 16408993.891553 0.000000 0.000000 0.000000 0.000000
 593 8 1 1266051.045040 0.000000 3899242.591786 552703.381842 0.000000 1142539.028485 2798572.918158 4777817.626461 0.000000 17155723.528260 0.000000 0.000000
 602 8 2 222061.717241 22510121.041158 0.000000 1800838.503845 929872.667162 3451.051247 1281450.176687 5220502.653255 0.000000 6794750.303425 0.000000 0.000000
 611 8 3 0.000000 21890538.403919 4578109.873690 0.000000 2625326.835219 0.000000 992345.563346 8197611.472054 0.000000 0.000000 0.000000 0.000000
 620 8 4 0.000000 3864230.836571 9422246.114889 2386600.744735 0.000000 1251999.739053 1721483.314455 3469729.761885 0.000000 0.000000 0.000000 0.000000
 629 8 5 0.000000 5280850.836650 2346243.916562 0.000000 1321670.528109 0.000000 3145025.109214 18912640.350837 0.000000 0.000000 0.000000 0.000000
 638 8 6 135224.149622 19400459.919082 787680.578420 40844.709980 286434.500225 2992045.087632 0.000000 9790925.280367 1733308.832349 0.000000 0.000000 0.000000
 647 8 7 19462.815817 20648119.815594 0.000000 41309.468020 17946.070973 610191.408412 2542689.085061 0.000000 13612732.321680 0.000000 0.000000 0.000000
 656 9 0 0.000000 1649818.496727 0.000000 554482.973231 607605.223906 2813.640834 14095.715352 6552132.290518 0.000000 15588857.353728 0.000000 0.000000
 665 9 1 26504449.400923 0.000000 4236743.629122 560865.213423 575301.611404 0.000000 0.000000 8652639.529056 0.000000 0.000000 0.000000 0.000000
 674 9 2 23414247.155143 3004034.814081 0.000000 2716235.033156 615608.714195 57939.015592 7997.670972 4195692.430128 0.000000 6202810.149639 0.000000 0.000000
 683 9 3 14050860.684071 629840.508879 3989991.444709 0.000000 3746652.332923 0.000000 0.000000 12403903.403515 0.000000 0.000000 0.000000 0.000000
 692 9 4 13995518.637378 674795.397152 4586802.378842 3968915.309480 0.000000 1690260.036326 0.000000 7875326.480162 0.000000 0.000000 0.000000 0.000000
 701 9 5 26688813.253262 0.000000 2312328.527171 0.000000 1969689.059655 0.000000 3389909.475373 6870124.397638 0.000000 0.000000 0.000000 0.000000
 710 9 6 22033652.751438 0.000000 3780659.737641 0.000000 0.000000 3167106.198942 0.000000 10610242.631665 0.000000 0.000000 0.000000 0.000000
 719 9 7 14278343.909665 0.000000 8598279.799845 27819.029773 20556.467703 615819.133624 2727294.345689 0.000000 10474365.864572 0.000000 0.000000 0.000000
 728 10 0 0.000000 12108256.326561 67628.203849 705085.512177 925960.506970 106687.813160 0.000000 4875396.693489 0.000000 7875385.273018 0.000000 0.000000
 737 10 1 6942985.331255 0.000000 3682292.216383 1264024.511345 915630.136695 0.000000 0.000000 3813891.794999 0.000000 7380441.875269 0.000000 0.000000
 746 10 2 4733384.783725 9704344.972739 0.000000 2459951.209059 730817.366054 0.000000 0.000000 7632932.974989 0.000000 0.000000 0.000000 0.000000
 755 10 3 7164544.657978 9984256.136181 3153092.317197 0.000000 4097342.961470 0.000000 0.000000 1324354.578756 0.000000 3053275.194475 0.000000 0.000000
 764 10 4 8903941.116891 2862672.106255 859401.755749 4313009.147349 0.000000 1919909.004341 0.000000 5424204.151678 0.000000 55632.247806 0.000000 0.000000
 773 10 5 5266126.177559 0.000000 0.000000 339652.136784 2800473.201268 0.000000 371283.390489 1740264.403118 0.000000 7671750.142810 0.000000 0.000000
 782 10 6 0.000000 0.000000 0.000000 69272.766368 286499.255273 2345681.068196 0.000000 54897.962360 0.000000 0.000000 0.000000 0.000000
 791 10 7 77176.418881 254050.439137 727256.184811 2142972.659915 265344.068306 1499818.867519 414753.570275 0.000000 6563293.058260 0.000000 0.000000 0.000000
 800 11 0 0.000000 186200.894891 2911990.832850 199370.773118 0.000000 1197957.283262 145294.770744 0.000000 0.000000 0.000000 0.000000 0.000000
 809 11 1 139789.876429 0.000000 2912550.759181 0.000000 0.000000 2032719.214942 0.000000 0.000000 0.000000 0.000000 0.000000 0.000000
 818 11 2 0.000000 137742.438017 0.000000 209312.740086 174815.988516 1248780.186944 0.000000 0.000000 0.000000 14323098.764769 0.000000 0.000000
 827 11 3 5149.444185 0.000000 2701858.694565 0.000000 15919932.675566 874137.902612 7536.611517 0.000000 0.000000 0.000000 0.000000 0.000000
 836 11 4 0.000000 0.000000 566424.456213 277444.934662 0.000000 175236.648485 6297.972680 0.000000 0.000000 64218478.790920 0.000000 0.000000
 845 11 5 0.000000 644206.688158 0.000000 0.000000 11750615.510543 0.000000 361675.884584 29594.786896 0.000000 9958585.342081 0.000000 0.000000
 854 11 6 292983.668822 0.000000 0.000000 85378.799217 18301480.630455 58740.503053 0.000000 170712.798943 0.000000 0.000000 0.000000 0.000000
 863 11 7 0.000000 0.000000 1260073.556117 0.000000 13221264.338129 191181.263823 195656.345113 0.000000 0.000000 0.000000 0.000000 0.000000
 872 12 0 0.000000 31809.295394 976776.153323 18353996.506085 0.000000 0.000000 0.000000 0.000000 0.000000 0.000000 0.000000 0.000000
 881 12 1 280995.011352 0.000000 1761572.243181 7702597.525338 3339.386616 54220.465828 0.000000 1378.760509 0.000000 0.000000 0.000000 0.000000
 890 12 2 554016.216039 1274703.972576 0.000000 300649.385698 25784.456426 6041546.645700 1543.052939 14028.118042 0.000000 173576.486794 0.000000 0.000000
 899 12 3 46298.087041 365544.158700 316049.508202 0.000000 485607.348742 6100727.118479 64914.878664 0.000000 0.000000 90534163.301595 0.000000 0.000000
 908 12 4 0.000000 0.000000 318145.041973 19170118.882770 0.000000 16361892.553456 0.000000 0.000000 0.000000 0.000000 0.000000 0.000000
 917 12 5 0.000000 0.000000 0.000000 12136267.086971 211135.502710 0.000000 440234.365852 1467163.173674 0.000000 57980550.530767 0.000000 0.000000
 926 12 6 0.000000 0.000000 63618.260103 23190735.401512 0.000000 18495390.795324 0.000000 267908.078089 0.000000 0.000000 0.000000 0.000000
 935 12 7 0.000000 64370.447634 374089.423035 19836374.481141 0.000000 24460293.621193 322717.158111 0.000000 0.000000 0.000000 0.000000 0.000000
 944 13 0 0.000000 535044.087174 90444.471770 14782211.673316 16361822.605318 114498.958423 3641.488717 0.000000 0.000000 0.000000 0.000000 0.000000
 953 13 1 756629.714298 0.000000 174627.828310 9537149.137634 15132576.227343 3307.766244 0.000000 0.000000 0.000000 0.000000 0.000000 0.000000
 962 13 2 473927.045181 226801.460225 0.000000 8185882.815065 16449011.013200 0.000000 0.000000 0.000000 0.000000 28317237.304424 0.000000 0.000000
 971 13 3 0.000000 0.000000 2376529.957813 0.000000 16250243.839271 3448.771595 187716.737020 0.000000 0.000000 46515426.393245 0.000000 0.000000
 980 13 4 0.000000 190809.607497 7458737.636272 171547.744633 0.000000 190258.136407 1099.395720 0.000000 0.000000 57404566.586505 0.000000 0.000000
 989 13 5 166682.946063 42814.358274 8835360.087859 7465.397137 5173301.705051 0.000000 12100.784479 0.000000 0.000000 0.000000 0.000000 0.000000
 998 13 6 42083.552497 0.000000 94639.870849 3194.235618 165754.031886 188944.449399 0.000000 0.000000 0.000000 0.000000 0.000000 0.000000
 1007 13 7 0.000000 0.000000 0.000000 0.000000 0.000000 0.000000 0.000000 0.000000 0.000000 0.000000 0.000000 0.000000
 1016 14 0 0.000000 0.000000 0.000000 0.000000 0.000000 0.000000 0.000000 0.000000 0.000000 0.000000 0.000000 0.000000
 1025 14 1 0.000000 0.000000 0.000000 0.000000 0.000000 0.000000 0.000000 0.000000 0.000000 0.000000 0.000000 0.000000
 1034 14 2 0.000000 0.000000 0.000000 0.000000 0.000000 0.000000 0.000000 0.000000 0.000000 0.000000 0.000000 0.000000
 1043 14 3 0.000000 0.000000 0.000000 0.000000 0.000000 0.000000 0.000000 0.000000 0.000000 0.000000 0.000000 0.000000
 1052 14 4 0.000000 0.000000 0.000000 0.000000 0.000000 0.000000 0.000000 0.000000 0.000000 0.000000 0.000000 0.000000
 1061 14 5 0.000000 0.000000 0.000000 0.000000 0.000000 0.000000 0.000000 0.000000 0.000000 0.000000 0.000000 0.000000
 1070 14 6 0.000000 0.000000 0.000000 0.000000 0.000000 0.000000 0.000000 0.000000 0.000000 0.000000 0.000000 0.000000
 1079 14 7 0.000000 0.000000 0.000000 0.000000 0.000000 0.000000 0.000000 0.000000 0.000000 0.000000 0.000000 0.000000
 1088 15 0 0.000000 0.000000 0.000000 0.000000 0.000000 0.000000 0.000000 0.000000 0.000000 0.000000 0.000000 0.000000
 1097 15 1 0.000000 0.000000 0.000000 0.000000 0.000000 0.000000 0.000000 0.000000 0.000000 0.000000 0.000000 0.000000
 1106 15 2 0.000000 0.000000 0.000000 0.000000 0.000000 0.000000 0.000000 0.000000 0.000000 0.000000 0.000000 0.000000
 1115 15 3 0.000000 0.000000 0.000000 0.000000 0.000000 0.000000 0.000000 0.000000 0.000000 0.000000 0.000000 0.000000
 1124 15 4 0.000000 0.000000 0.000000 0.000000 0.000000 0.000000 0.000000 0.000000 0.000000 0.000000 0.000000 0.000000
 1133 15 5 0.000000 0.000000 0.000000 0.000000 0.000000 0.000000 0.000000 0.000000 0.000000 0.000000 0.000000 0.000000
 1142 15 6 0.000000 0.000000 0.000000 0.000000 0.000000 0.000000 0.000000 0.000000 0.000000 0.000000 0.000000 0.000000
 1151 15 7 0.000000 0.000000 0.000000 0.000000 0.000000 0.000000 0.000000 0.000000 0.000000 0.000000 0.000000 0.000000
 1160 16 0 0.000000 0.000000 0.000000 0.000000 0.000000 0.000000 0.000000 0.000000 0.000000 0.000000 0.000000 0.000000
 1169 16 1 0.000000 0.000000 0.000000 0.000000 0.000000 0.000000 0.000000 0.000000 0.000000 0.000000 0.000000 0.000000
 1178 16 2 0.000000 0.000000 0.000000 0.000000 0.000000 0.000000 0.000000 0.000000 0.000000 0.000000 0.000000 0.000000
 1187 16 3 0.000000 0.000000 0.000000 0.000000 0.000000 0.000000 0.000000 0.000000 0.000000 0.000000 0.000000 0.000000
 1196 16 4 0.000000 0.000000 0.000000 0.000000 0.000000 0.000000 0.000000 0.000000 0.000000 0.000000 0.000000 0.000000
 1205 16 5 0.000000 0.000000 0.000000 0.000000 0.000000 0.000000 0.000000 0.000000 0.000000 0.000000 0.000000 0.000000
 1214 16 6 0.000000 0.000000 0.000000 0.000000 0.000000 0.000000 0.000000 0.000000 0.000000 0.000000 0.000000 0.000000
 1223 16 7 0.000000 0.000000 0.000000 0.000000 0.000000 0.000000 0.000000 0.000000 0.000000 0.000000 0.000000 0.000000
 1232 17 0 0.000000 0.000000 0.000000 0.000000 0.000000 0.000000 0.000000 0.000000 0.000000 0.000000 0.000000 0.000000
 1241 17 1 0.000000 0.000000 0.000000 0.000000 0.000000 0.000000 0.000000 0.000000 0.000000 0.000000 0.000000 0.000000
 1250 17 2 0.000000 0.000000 0.000000 0.000000 0.000000 0.000000 0.000000 0.000000 0.000000 0.000000 0.000000 0.000000
 1259 17 3 0.000000 0.000000 0.000000 0.000000 0.000000 0.000000 0.000000 0.000000 0.000000 0.000000 0.000000 0.000000
 1268 17 4 0.000000 0.000000 0.000000 0.000000 0.000000 0.000000 0.000000 0.000000 0.000000 0.000000 0.000000 0.000000
 1277 17 5 0.000000 0.000000 0.000000 0.000000 0.000000 0.000000 0.000000 0.000000 0.000000 0.000000 0.000000 0.000000
 1286 17 6 0.000000 0.000000 0.000000 0.000000 0.000000 0.000000 0.000000 0.000000 0.000000 0.000000 0.000000 0.000000
 1295 17 7 0.000000 0.000000 0.000000 0.000000 0.000000 0.000000 0.000000 0.000000 0.000000 0.000000 0.000000 0.000000
 1304 18 0 0.000000 0.000000 0.000000 0.000000 0.000000 0.000000 0.000000 0.000000 0.000000 0.000000 0.000000 0.000000
 1313 18 1 0.000000 0.000000 0.000000 0.000000 0.000000 0.000000 0.000000 0.000000 0.000000 0.000000 0.000000 0.000000
 1322 18 2 0.000000 0.000000 0.000000 0.000000 0.000000 0.000000 0.000000 0.000000 0.000000 0.000000 0.000000 0.000000
 1331 18 3 0.000000 0.000000 0.000000 0.000000 0.000000 0.000000 0.000000 0.000000 0.000000 0.000000 0.000000 0.000000
 1340 18 4 0.000000 0.000000 0.000000 0.000000 0.000000 0.000000 0.000000 0.000000 0.000000 0.000000 0.000000 0.000000
 1349 18 5 0.000000 0.000000 0.000000 0.000000 0.000000 0.000000 0.000000 0.000000 0.000000 0.000000 0.000000 0.000000
 1358 18 6 0.000000 0.000000 0.000000 0.000000 0.000000 0.000000 0.000000 0.000000 0.000000 0.000000 0.000000 0.000000
 1367 18 7 0.000000 0.000000 0.000000 0.000000 0.000000 0.000000 0.000000 0.000000 0.000000 0.000000 0.000000 0.000000
 1376 19 0 0.000000 0.000000 0.000000 0.000000 0.000000 0.000000 0.000000 0.000000 0.000000 0.000000 0.000000 0.000000
 1385 19 1 0.000000 0.000000 0.000000 0.000000 0.000000 0.000000 0.000000 0.000000 0.000000 0.000000 0.000000 0.000000
 1394 19 2 0.000000 0.000000 0.000000 0.000000 0.000000 0.000000 0.000000 0.000000 0.000000 0.000000 0.000000 0.000000
 1403 19 3 0.000000 0.000000 0.000000 0.000000 0.000000 0.000000 0.000000 0.000000 0.000000 0.000000 0.000000 0.000000
 1412 19 4 0.000000 0.000000 0.000000 0.000000 0.000000 0.000000 0.000000 0.000000 0.000000 0.000000 0.000000 0.000000
 1421 19 5 0.000000 0.000000 0.000000 0.000000 0.000000 0.000000 0.000000 0.000000 0.000000 0.000000 0.000000 0.000000
 1430 19 6 0.000000 0.000000 0.000000 0.000000 0.000000 0.000000 0.000000 0.000000 0.000000 0.000000 0.000000 0.000000
 1439 19 7 0.000000 0.000000 0.000000 0.000000 0.000000 0.000000 0.000000 0.000000 0.000000 0.000000 0.000000 0.000000
 1448 20 0 0.000000 0.000000 0.000000 0.000000 0.000000 0.000000 0.000000 0.000000 0.000000 0.000000 0.000000 0.000000
 1457 20 1 0.000000 0.000000 0.000000 0.000000 0.000000 0.000000 0.000000 0.000000 0.000000 0.000000 0.000000 0.000000
 1466 20 2 0.000000 0.000000 0.000000 0.000000 0.000000 0.000000 0.000000 0.000000 0.000000 0.000000 0.000000 0.000000
 1475 20 3 0.000000 0.000000 0.000000 0.000000 0.000000 0.000000 0.000000 0.000000 0.000000 0.000000 0.000000 0.000000
 1484 20 4 0.000000 0.000000 0.000000 0.000000 0.000000 0.000000 0.000000 0.000000 0.000000 0.000000 0.000000 0.000000
 1493 20 5 0.000000 0.000000 0.000000 0.000000 0.000000 0.000000 0.000000 0.000000 0.000000 0.000000 0.000000 0.000000
 1502 20 6 0.000000 0.000000 0.000000 0.000000 0.000000 0.000000 0.000000 0.000000 0.000000 0.000000 0.000000 0.000000
 1511 20 7 0.000000 0.000000 0.000000 0.000000 0.000000 0.000000 0.000000 0.000000 0.000000 0.000000 0.000000 0.000000
 1520 21 0 0.000000 0.000000 0.000000 0.000000 0.000000 0.000000 0.000000 0.000000 0.000000 0.000000 0.000000 0.000000
 1529 21 1 0.000000 0.000000 0.000000 0.000000 0.000000 0.000000 0.000000 0.000000 0.000000 0.000000 0.000000 0.000000
 1538 21 2 0.000000 0.000000 0.000000 0.000000 0.000000 0.000000 0.000000 0.000000 0.000000 0.000000 0.000000 0.000000
 1547 21 3 0.000000 0.000000 0.000000 0.000000 0.000000 0.000000 0.000000 0.000000 0.000000 0.000000 0.000000 0.000000
 1556 21 4 0.000000 0.000000 0.000000 0.000000 0.000000 0.000000 0.000000 0.000000 0.000000 0.000000 0.000000 0.000000
 1565 21 5 0.000000 0.000000 0.000000 0.000000 0.000000 0.000000 0.000000 0.000000 0.000000 0.000000 0.000000 0.000000
 1574 21 6 0.000000 0.000000 0.000000 0.000000 0.000000 0.000000 0.000000 0.000000 0.000000 0.000000 0.000000 0.000000
 1583 21 7 0.000000 0.000000 0.000000 0.000000 0.000000 0.000000 0.000000 0.000000 0.000000 0.000000 0.000000 0.000000
 1592 22 0 0.000000 0.000000 0.000000 0.000000 0.000000 0.000000 0.000000 0.000000 0.000000 0.000000 0.000000 0.000000
 1601 22 1 0.000000 0.000000 0.000000 0.000000 0.000000 0.000000 0.000000 0.000000 0.000000 0.000000 0.000000 0.000000
 1610 22 2 0.000000 0.000000 0.000000 0.000000 0.000000 0.000000 0.000000 0.000000 0.000000 0.000000 0.000000 0.000000
 1619 22 3 0.000000 0.000000 0.000000 0.000000 0.000000 0.000000 0.000000 0.000000 0.000000 0.000000 0.000000 0.000000
 1628 22 4 0.000000 0.000000 0.000000 0.000000 0.000000 0.000000 0.000000 0.000000 0.000000 0.000000 0.000000 0.000000
 1637 22 5 0.000000 0.000000 0.000000 0.000000 0.000000 0.000000 0.000000 0.000000 0.000000 0.000000 0.000000 0.000000
 1646 22 6 0.000000 0.000000 0.000000 0.000000 0.000000 0.000000 0.000000 0.000000 0.000000 0.000000 0.000000 0.000000
 1655 22 7 0.000000 0.000000 0.000000 0.000000 0.000000 0.000000 0.000000 0.000000 0.000000 0.000000 0.000000 0.000000
 1664 23 0 0.000000 0.000000 0.000000 0.000000 0.000000 0.000000 0.000000 0.000000 0.000000 0.000000 0.000000 0.000000
 1673 23 1 0.000000 0.000000 0.000000 0.000000 0.000000 0.000000 0.000000 0.000000 0.000000 0.000000 0.000000 0.000000
 1682 23 2 0.000000 0.000000 0.000000 0.000000 0.000000 0.000000 0.000000 0.000000 0.000000 0.000000 0.000000 0.000000
 1691 23 3 0.000000 0.000000 0.000000 0.000000 0.000000 0.000000 0.000000 0.000000 0.000000 0.000000 0.000000 0.000000
 1700 23 4 0.000000 0.000000 0.000000 0.000000 0.000000 0.000000 0.000000 0.000000 0.000000 0.000000 0.000000 0.000000
 1709 23 5 0.000000 0.000000 0.000000 0.000000 0.000000 0.000000 0.000000 0.000000 0.000000 0.000000 0.000000 0.000000
 1718 23 6 0.000000 0.000000 0.000000 0.000000 0.000000 0.000000 0.000000 0.000000 0.000000 0.000000 0.000000 0.000000
 1727 23 7 0.000000 0.000000 0.000000 0.000000 0.000000 0.000000 0.000000 0.000000 0.000000 0.000000 0.000000 0.000000
 1736 24 0 0.000000 0.000000 0.000000 0.000000 0.000000 0.000000 0.000000 0.000000 0.000000 0.000000 0.000000 0.000000
 1745 24 1 0.000000 0.000000 0.000000 0.000000 0.000000 0.000000 0.000000 0.000000 0.000000 0.000000 0.000000 0.000000
 1754 24 2 0.000000 0.000000 0.000000 0.000000 0.000000 0.000000 0.000000 0.000000 0.000000 0.000000 0.000000 0.000000
 1763 24 3 0.000000 0.000000 0.000000 0.000000 0.000000 0.000000 0.000000 0.000000 0.000000 0.000000 0.000000 0.000000
 1772 24 4 0.000000 0.000000 0.000000 0.000000 0.000000 0.000000 0.000000 0.000000 0.000000 0.000000 0.000000 0.000000
 1781 24 5 0.000000 0.000000 0.000000 0.000000 0.000000 0.000000 0.000000 0.000000 0.000000 0.000000 0.000000 0.000000
 1790 24 6 0.000000 0.000000 0.000000 0.000000 0.000000 0.000000 0.000000 0.000000 0.000000 0.000000 0.000000 0.000000
 1799 24 7 0.000000 0.000000 0.000000 0.000000 0.000000 0.000000 0.000000 0.000000 0.000000 0.000000 0.000000 0.000000
 1808 25 0 0.000000 0.000000 0.000000 0.000000 0.000000 0.000000 0.000000 0.000000 0.000000 0.000000 0.000000 0.000000
 1817 25 1 0.000000 0.000000 0.000000 0.000000 0.000000 0.000000 0.000000 0.000000 0.000000 0.000000 0.000000 0.000000
 1826 25 2 0.000000 0.000000 0.000000 0.000000 0.000000 0.000000 0.000000 0.000000 0.000000 0.000000 0.000000 0.000000
 1835 25 3 0.000000 0.000000 0.000000 0.000000 0.000000 0.000000 0.000000 0.000000 0.000000 0.000000 0.000000 0.000000
 1844 25 4 0.000000 0.000000 0.000000 0.000000 0.000000 0.000000 0.000000 0.000000 0.000000 0.000000 0.000000 0.000000
 1853 25 5 0.000000 0.000000 0.000000 0.000000 0.000000 0.000000 0.000000 0.000000 0.000000 0.000000 0.000000 0.000000
 1862 25 6 0.000000 0.000000 0.000000 0.000000 0.000000 0.000000 0.000000 0.000000 0.000000 0.000000 0.000000 0.000000
 1871 25 7 0.000000 0.000000 0.000000 0.000000 0.000000 0.000000 0.000000 0.000000 0.000000 0.000000 0.000000 0.000000
 1880 26 0 0.000000 0.000000 0.000000 0.000000 0.000000 0.000000 0.000000 0.000000 0.000000 0.000000 0.000000 0.000000
 1889 26 1 0.000000 0.000000 0.000000 0.000000 0.000000 0.000000 0.000000 0.000000 0.000000 0.000000 0.000000 0.000000
 1898 26 2 0.000000 0.000000 0.000000 0.000000 0.000000 0.000000 0.000000 0.000000 0.000000 0.000000 0.000000 0.000000
 1907 26 3 0.000000 0.000000 0.000000 0.000000 0.000000 0.000000 0.000000 0.000000 0.000000 0.000000 0.000000 0.000000
 1916 26 4 0.000000 0.000000 0.000000 0.000000 0.000000 0.000000 0.000000 0.000000 0.000000 0.000000 0.000000 0.000000
 1925 26 5 0.000000 0.000000 0.000000 0.000000 0.000000 0.000000 0.000000 0.000000 0.000000 0.000000 0.000000 0.000000
 1934 26 6 0.000000 0.000000 0.000000 0.000000 0.000000 0.000000 0.000000 0.000000 0.000000 0.000000 0.000000 0.000000
 1943 26 7 0.000000 0.000000 0.000000 0.000000 0.000000 0.000000 0.000000 0.000000 0.000000 0.000000 0.000000 0.000000
 1952 27 0 0.000000 0.000000 0.000000 0.000000 0.000000 0.000000 0.000000 0.000000 0.000000 0.000000 0.000000 0.000000
 1961 27 1 0.000000 0.000000 0.000000 0.000000 0.000000 0.000000 0.000000 0.000000 0.000000 0.000000 0.000000 0.000000
 1970 27 2 0.000000 0.000000 0.000000 0.000000 0.000000 0.000000 0.000000 0.000000 0.000000 0.000000 0.000000 0.000000
 1979 27 3 0.000000 0.000000 0.000000 0.000000 0.000000 0.000000 0.000000 0.000000 0.000000 0.000000 0.000000 0.000000
 1988 27 4 0.000000 0.000000 0.000000 0.000000 0.000000 0.000000 0.000000 0.000000 0.000000 0.000000 0.000000 0.000000
 1997 27 5 0.000000 0.000000 0.000000 0.000000 0.000000 0.000000 0.000000 0.000000 0.000000 0.000000 0.000000 0.000000
 2006 27 6 0.000000 0.000000 0.000000 0.000000 0.000000 0.000000 0.000000 0.000000 0.000000 0.000000 0.000000 0.000000
 2015 27 7 0.000000 0.000000 0.000000 0.000000 0.000000 0.000000 0.000000 0.000000 0.000000 0.000000 0.000000 0.000000
 2024 28 0 0.000000 0.000000 0.000000 0.000000 0.000000 0.000000 0.000000 0.000000 0.000000 0.000000 0.000000 0.000000
 2033 28 1 0.000000 0.000000 0.000000 0.000000 0.000000 0.000000 0.000000 0.000000 0.000000 0.000000 0.000000 0.000000
 2042 28 2 0.000000 0.000000 0.000000 0.000000 0.000000 0.000000 0.000000 0.000000 0.000000 0.000000 0.000000 0.000000
 2051 28 3 0.000000 0.000000 0.000000 0.000000 0.000000 0.000000 0.000000 0.000000 0.000000 0.000000 0.000000 0.000000
 2060 28 4 0.000000 0.000000 0.000000 0.000000 0.000000 0.000000 0.000000 0.000000 0.000000 0.000000 0.000000 0.000000
 2069 28 5 0.000000 0.000000 0.000000 0.000000 0.000000 0.000000 0.000000 0.000000 0.000000 0.000000 0.000000 0.000000
 2078 28 6 0.000000 0.000000 0.000000 0.000000 0.000000 0.000000 0.000000 0.000000 0.000000 0.000000 0.000000 0.000000
 2087 28 7 0.000000 0.000000 0.000000 0.000000 0.000000 0.000000 0.000000 0.000000 0.000000 0.000000 0.000000 0.000000
 2096 29 0 0.000000 0.000000 0.000000 0.000000 0.000000 0.000000 0.000000 0.000000 0.000000 0.000000 0.000000 0.000000
 2105 29 1 0.000000 0.000000 0.000000 0.000000 0.000000 0.000000 0.000000 0.000000 0.000000 0.000000 0.000000 0.000000
 2114 29 2 0.000000 0.000000 0.000000 0.000000 0.000000 0.000000 0.000000 0.000000 0.000000 0.000000 0.000000 0.000000
 2123 29 3 0.000000 0.000000 0.000000 0.000000 0.000000 0.000000 0.000000 0.000000 0.000000 0.000000 0.000000 0.000000
 2132 29 4 0.000000 0.000000 0.000000 0.000000 0.000000 0.000000 0.000000 0.000000 0.000000 0.000000 0.000000 0.000000
 2141 29 5 0.000000 0.000000 0.000000 0.000000 0.000000 0.000000 0.000000 0.000000 0.000000 0.000000 0.000000 0.000000
 2150 29 6 0.000000 0.000000 0.000000 0.000000 0.000000 0.000000 0.000000 0.000000 0.000000 0.000000 0.000000 0.000000
 2159 29 7 0.000000 0.000000 0.000000 0.000000 0.000000 0.000000 0.000000 0.000000 0.000000 0.000000 0.000000 0.000000
 2168 30 0 0.000000 0.000000 0.000000 0.000000 0.000000 0.000000 0.000000 0.000000 0.000000 0.000000 0.000000 0.000000
 2177 30 1 0.000000 0.000000 0.000000 0.000000 0.000000 0.000000 0.000000 0.000000 0.000000 0.000000 0.000000 0.000000
 2186 30 2 0.000000 0.000000 0.000000 0.000000 0.000000 0.000000 0.000000 0.000000 0.000000 0.000000 0.000000 0.000000
 2195 30 3 0.000000 0.000000 0.000000 0.000000 0.000000 0.000000 0.000000 0.000000 0.000000 0.000000 0.000000 0.000000
 2204 30 4 0.000000 0.000000 0.000000 0.000000 0.000000 0.000000 0.000000 0.000000 0.000000 0.000000 0.000000 0.000000
 2213 30 5 0.000000 0.000000 0.000000 0.000000 0.000000 0.000000 0.000000 0.000000 0.000000 0.000000 0.000000 0.000000
 2222 30 6 0.000000 0.000000 0.000000 0.000000 0.000000 0.000000 0.000000 0.000000 0.000000 0.000000 0.000000 0.000000
 2231 30 7 0.000000 0.000000 0.000000 0.000000 0.000000 0.000000 0.000000 0.000000 0.000000 0.000000 0.000000 0.000000
 2240 31 0 0.000000 0.000000 0.000000 0.000000 0.000000 0.000000 0.000000 0.000000 0.000000 0.000000 0.000000 0.000000
 2249 31 1 0.000000 0.000000 0.000000 0.000000 0.000000 0.000000 0.000000 0.000000 0.000000 0.000000 0.000000 0.000000
 2258 31 2 0.000000 0.000000 0.000000 0.000000 0.000000 0.000000 0.000000 0.000000 0.000000 0.000000 0.000000 0.000000
 2267 31 3 0.000000 0.000000 0.000000 0.000000 0.000000 0.000000 0.000000 0.000000 0.000000 0.000000 0.000000 0.000000
 2276 31 4 0.000000 0.000000 0.000000 0.000000 0.000000 0.000000 0.000000 0.000000 0.000000 0.000000 0.000000 0.000000
 2285 31 5 0.000000 0.000000 0.000000 0.000000 0.000000 0.000000 0.000000 0.000000 0.000000 0.000000 0.000000 0.000000
 2294 31 6 0.000000 0.000000 0.000000 0.000000 0.000000 0.000000 0.000000 0.000000 0.000000 0.000000 0.000000 0.000000
 2303 31 7 0.000000 0.000000 0.000000 0.000000 0.000000 0.000000 0.000000 0.000000 0.000000 0.000000 0.000000 0.000000
 2312 32 0 0.000000 0.000000 0.000000 0.000000 0.000000 0.000000 0.000000 0.000000 0.000000 0.000000 0.000000 0.000000
 2321 32 1 0.000000 0.000000 0.000000 0.000000 0.000000 0.000000 0.000000 0.000000 0.000000 0.000000 0.000000 0.000000
 2330 32 2 0.000000 0.000000 0.000000 0.000000 0.000000 0.000000 0.000000 0.000000 0.000000 0.000000 0.000000 0.000000
 2339 32 3 0.000000 0.000000 0.000000 0.000000 0.000000 0.000000 0.000000 0.000000 0.000000 0.000000 0.000000 0.000000
 2348 32 4 0.000000 0.000000 0.000000 0.000000 0.000000 0.000000 0.000000 0.000000 0.000000 0.000000 0.000000 0.000000
 2357 32 5 0.000000 0.000000 0.000000 0.000000 0.000000 0.000000 0.000000 0.000000 0.000000 0.000000 0.000000 0.000000
 2366 32 6 0.000000 0.000000 0.000000 0.000000 0.000000 0.000000 0.000000 0.000000 0.000000 0.000000 0.000000 0.000000
 2375 32 7 0.000000 0.000000 0.000000 0.000000 0.000000 0.000000 0.000000 0.000000 0.000000 0.000000 0.000000 0.000000