# Format <LP id> <Terminal ID> <Total Data Size> <Avg packet latency> <# Flits/Packets finished> <Avg hops> <Busy Time>
4 0 374336 532486682.995799 1112 2.393934 132574.129340
5 1 506272 622270733.914945 1682 2.090148 160941.393858
6 2 501008 588827602.080730 1404 2.064873 97940.915430
7 3 505344 630221585.851999 1688 2.321812 167762.408751
13 4 496032 771680565.883771 1286 2.027937 53965.125610
14 5 373792 607627304.027610 1024 2.032945 14367.128643
15 6 503040 716357763.878547 1504 2.043153 55677.554421
16 7 623648 925179167.365464 1836 2.030168 100432.336825
22 8 640528 620234848.539359 2232 2.278652 229722.790222
23 9 629120 666356934.227748 2054 2.073481 248177.365134
24 10 627536 634899971.597372 1994 2.066800 319341.526711
25 11 502656 568403216.154680 1374 2.300866 232138.874513
31 12 511216 529651181.102386 1882 2.335149 468772.122782
32 13 637312 669957991.216952 2064 2.081519 367696.193684
33 14 633856 670727424.744437 2102 2.077414 155840.633209
34 15 632544 668487510.098413 2094 2.259921 262672.550560
40 16 633312 671252672.553956 2030 2.270041 324064.208727
41 17 502912 600513125.520754 1472 2.306615 111985.525013
42 18 505744 544509748.168371 1610 2.298096 154307.212049
43 19 635664 640719463.809086 2276 2.279222 142154.796197
49 20 632304 602210470.724974 2102 2.257535 387109.008591
50 21 628800 623144590.674869 1746 2.065244 98668.488165
51 22 636928 559177965.913954 2184 2.077713 71941.748840
52 23 503376 551999074.903651 1594 2.300298 29695.025343
58 24 501872 483493841.372043 1518 2.292723 97768.767953
59 25 636432 611425589.747668 1726 2.065733 327740.466553
60 26 630848 723736620.113106 2072 2.276387 138761.069828
61 27 637600 762822117.501383 2290 2.469855 90106.678426
67 28 630160 390674885.477764 1930 2.272338 214622.324617
68 29 505872 342214535.111396 1538 2.312702 153706.798063
69 30 379504 127710212.123452 1298 2.073660 7724.586342
70 31 507968 304986342.560297 1632 2.308403 119015.402624
76 32 501248 1005538777.353555 1514 2.529817 402303.714433
77 33 506320 702998296.219539 1650 2.065054 275130.941980
78 34 507824 667566412.625854 1538 2.076059 281438.938859
79 35 378304 549807017.445237 1166 2.386990 282910.622273
85 36 500784 837505984.714231 1482 2.799699 298065.566953
86 37 633488 1100254034.883432 2046 2.487073 331351.022121
87 38 627184 1040377836.630005 1922 2.486303 225618.864793
88 39 625760 1098882083.297928 1756 2.658873 465176.537037
94 40 627424 1034837500.831575 2116 2.269349 330540.952405
95 41 507328 781880008.146146 1644 2.316541 363295.111543
96 42 633792 900687099.397810 2036 2.272127 343062.727499
97 43 762576 1095478156.931942 2284 2.237774 260107.068865
103 44 761664 1155370420.835756 2242 2.572350 398910.311291
104 45 774320 1270061474.110366 3190 2.465266 397353.562447
105 46 759008 1206046821.301655 2224 2.409196 615717.804113
106 47 635488 1010974533.482640 2064 2.672334 536741.775586
112 48 629184 1028405750.379153 1882 2.659127 205746.580655
113 49 771728 1263233577.963625 3086 2.449251 409176.195653
114 50 760544 1210664347.962860 2274 2.424343 349654.252369
115 51 767632 1321875423.009988 2346 2.580283 678011.842436
121 52 769008 1280076474.421879 2746 2.600727 455196.744970
122 53 625344 1143714016.312423 1742 2.664517 543617.757060
123 54 630992 922285739.377996 1754 2.663668 405724.527203
124 55 764800 1240854116.525422 2590 2.587995 493608.096355
130 56 774128 1167559361.521764 2856 2.597489 274174.983425
131 57 767760 1163504564.766620 2880 2.450468 551710.169544
132 58 760512 1509135824.761690 2588 2.727869 514165.903127
133 59 637136 1279268531.746924 2266 3.058617 600416.856135
139 60 636784 955637050.688708 1982 3.047868 215183.822375
140 61 760688 1146285347.904606 2196 2.741029 526896.863129
141 62 761840 718493946.724092 2700 2.594573 600749.653513
142 63 762656 960431134.479708 2310 3.017729 502563.651906
148 64 770080 1437761331.056859 2992 3.022999 470117.514946
149 65 637984 1012451586.689949 2176 2.835251 226173.018566
150 66 504912 799336546.493358 1576 3.043953 368392.885954
151 67 634496 1073990754.605696 1734 2.852338 493240.880751
157 68 639568 1106543898.854291 2616 2.515111 335907.350949
158 69 630960 877414979.341224 1838 2.269097 396533.503102
159 70 631392 620990513.656606 1914 2.087526 350017.467788
160 71 503872 555609132.234224 1552 2.314840 252044.619107
166 72 506160 716759577.376033 1696 2.804749 283776.321364
167 73 630672 890500329.109897 2250 2.490264 315614.869790
168 74 634864 917170586.428264 2238 2.496774 395882.858009
169 75 621872 994476900.262118 1714 2.655788 402443.921568
175 76 629616 924701787.764549 1980 2.270405 335857.664592
176 77 501568 738510523.749390 1444 2.303693 336696.469979
177 78 632528 861743183.937775 1992 2.276292 219180.535074
178 79 756064 989867967.756017 2192 2.233678 366996.974758
184 80 759024 1003818268.010439 2276 2.563073 424655.984994
185 81 764400 1100181296.168105 2702 2.434991 387689.142402
186 82 772144 1043310964.282151 2772 2.440469 481381.522368
187 83 634048 921590734.540277 2126 2.659089 537631.806225
193 84 636880 745841680.052800 2112 2.678942 188674.125028
194 85 764992 958907884.470540 2938 2.446805 635092.380088
195 86 758848 1041990366.338669 2330 2.426598 492197.988320
196 87 767888 1098919608.222274 2784 2.594963 694800.861878
202 88 756128 1047369502.592098 2262 2.572781 482996.741944
203 89 643168 908351132.565224 2450 2.693349 481929.797448
204 90 643248 1055289307.401953 2676 3.068292 275944.911322
205 91 776464 1243514999.234773 2906 2.924107 571544.295279
211 92 766832 1026300370.191341 2946 2.915687 548993.910792
212 93 769120 1120329055.669033 2704 2.770828 446296.680391
213 94 763408 836127616.467558 2760 2.744033 529118.722577
214 95 629424 847415567.602950 1796 3.022627 458204.951282
220 96 632080 825355576.571217 2038 3.044660 119911.583581
221 97 767456 1093400549.245762 2702 2.753911 155691.973926
222 98 756352 964231018.976978 2286 2.738932 198592.321973
223 99 767936 956247196.919504 2824 2.913022 336076.738648
229 100 757504 1295210513.957498 2242 2.881194 674416.038864
230 101 636000 1201066661.217941 2076 3.047998 589125.016403
231 102 505200 829012194.640759 1672 2.812307 177010.530571
232 103 630752 896400961.079422 1774 2.643942 529688.982048
238 104 630928 602091446.014445 2220 2.294176 301467.102353
239 105 634848 489035780.926494 2124 2.097439 342079.047794
240 106 630656 577762961.478597 2078 2.087339 323838.309282
241 107 505472 515533560.943474 1584 2.318503 296087.808541
247 108 506112 645281920.366204 1602 2.807321 251264.296165
248 109 637120 820963012.527700 2298 2.507583 160146.241370
249 110 630880 894505215.983818 1932 2.489167 307573.422086
250 111 625072 900191985.641916 1918 2.665932 477718.172832
256 112 634800 934744951.437837 2164 2.290155 233746.649591
257 113 498384 812496055.293681 1354 2.294864 446347.770303
258 114 621584 836816449.005685 1706 2.252258 80294.206485
259 115 770384 1039967808.913755 2736 2.264732 362892.646462
265 116 773456 951091357.258286 2964 2.595031 464370.040883
266 117 770144 1030708348.587364 3252 2.457005 686617.446566
267 118 758672 984368872.225509 2276 2.402040 247485.509719
268 119 631952 875992530.344833 1916 2.654018 288512.374204
274 120 636224 741023174.808104 2360 2.688028 167291.137899
275 121 756544 1014966529.818552 2730 2.440236 325948.790889
276 122 755984 1287390636.056865 2346 2.740504 468019.740050
277 123 758992 1348357850.596377 2742 2.912486 597180.434295
283 124 759584 1044576221.643982 2510 2.913211 593154.138453
284 125 631280 959979738.003959 2010 3.055655 358343.473379
285 126 628784 807143180.191803 1808 3.032122 297561.919081
286 127 761504 1016394134.151855 2680 3.201533 470023.446778
292 128 754464 1376001991.348499 2322 3.193136 256426.633614
293 129 759936 1166002807.925922 2700 2.756876 309761.259614
294 130 766912 1071713962.656277 2898 2.772504 279478.865485
295 131 633968 934903929.595167 2316 3.069134 354857.532065
301 132 636192 1132493638.231586 2224 3.059191 311389.873744
302 133 771488 1221741241.492958 3106 2.772065 573559.070843
303 134 767184 1023637814.649761 2770 2.452546 669857.578283
304 135 770032 1027895837.072081 2924 2.592818 630855.360279
310 136 759840 1052344461.247330 2238 2.564175 487139.354401
311 137 635504 900908789.295855 2226 2.662951 414464.449158
312 138 509328 767815686.999516 1632 2.816332 219710.486182
313 139 635920 914804031.996307 2110 2.671210 369987.882754
319 140 624000 711266167.296213 1722 2.247622 281061.708699
320 141 633840 632693251.440198 2134 2.089291 311999.264087
321 142 629792 648875682.378951 2004 2.078453 306333.052150
322 143 504304 638640796.303696 1404 2.298485 339672.446924
328 144 503760 714067988.138251 1776 2.820984 119321.801493
329 145 619376 926474430.388548 1778 2.464547 233799.330479
330 146 629584 937460117.569445 2218 2.505032 262027.320049
331 147 626448 924382412.252997 1722 2.658510 326733.328346
337 148 633328 974310138.623151 1970 2.274310 169469.346081
338 149 501600 811395662.191396 1598 2.310465 325509.152812
339 150 626816 808895192.602136 1932 2.271991 182522.721964
340 151 773168 1069611598.034152 2812 2.279141 389542.202692
346 152 764784 1039092332.691465 2308 2.570901 462581.450125
347 153 756832 1057167831.834473 2246 2.414845 323319.803089
348 154 769488 1298609904.217188 2646 2.731460 475780.213758
349 155 634608 1213031322.661513 1792 3.039619 335774.004677
355 156 637280 827435146.568632 2160 3.054176 171244.698904
356 157 762288 950315601.318428 2314 2.744956 299056.963213
357 158 764496 920662008.689983 2770 2.748154 455106.092057
358 159 758112 1134556524.977952 2294 3.190394 676370.607173
364 160 761328 1083115272.231134 2312 3.190677 201716.049837
365 161 633280 595997288.338772 2072 3.031136 194350.636593
366 162 627632 565465702.874226 1784 3.061628 213675.222609
367 163 758272 773251751.810154 2218 2.904699 91528.527504
373 164 774192 1079252703.349098 2992 2.920631 306936.395383
374 165 766672 1064411682.408320 2916 2.757903 470624.391519
375 166 762960 783194454.948035 2638 2.449560 552161.039970
376 167 631648 586244608.333240 2008 2.671157 329500.298628
382 168 635248 741413959.819911 2004 2.676560 286850.935722
383 169 762480 857308516.297629 2500 2.431588 373667.412333
384 170 761376 882755402.204597 2738 2.427884 442528.573276
385 171 755872 893429979.016972 2220 2.566028 414660.053183
391 172 772976 879744307.743731 2944 2.590728 479932.500194
392 173 633456 775797623.262872 1894 2.655131 512119.452710
393 174 504480 532806828.698606 1494 2.803509 284885.296398
394 175 630592 713622168.735166 1942 2.657322 355708.281095
400 176 640832 628075572.687597 2434 2.294560 254356.507055
401 177 642640 561496765.209697 2500 2.109534 259342.617288
402 178 636576 551768752.052602 2130 2.086323 326590.557543
403 179 509680 508756646.189539 1818 2.323060 330646.542891
409 180 380576 367537096.478068 1302 2.399672 229954.790430
410 181 504848 498944974.120718 1496 2.062960 302253.526637
411 182 506288 455580454.896873 1580 2.083323 350616.987612
412 183 510208 497012020.789356 1884 2.328804 337502.992975
418 184 502992 360607198.844508 1618 2.079930 343249.529472
419 185 380288 258928552.322924 1366 2.084635 359784.347032
420 186 504880 441739249.259963 1630 2.319362 284834.457726
421 187 637856 564922068.220316 2422 2.299080 471077.519581
427 188 626992 726222778.322768 1736 2.649013 378793.647266
428 189 625600 769596993.595839 1732 2.462143 595871.868794
429 190 635248 554543200.580320 2242 2.474029 288960.348617
430 191 505264 672162714.896202 1580 2.771209 248134.962647
436 192 505824 184531814.823302 1570 2.564366 23905.220355
437 193 636752 294920099.416898 2122 2.294544 50348.418962
438 194 631440 296125733.263422 2024 2.471001 108383.467123
439 195 635680 314722905.131416 2196 2.670313 230473.557907
445 196 629008 388562134.340117 1828 2.655341 389349.496029
446 197 511712 292076000.254719 1750 2.806644 83427.251048
447 198 506832 243276619.960960 1794 2.331783 43338.055848
448 199 640224 285803861.078097 2142 2.279513 155325.448236
454 200 638736 289793977.480769 2238 2.281062 138525.990883
455 201 634752 315409388.321532 2144 2.084109 309204.682074
456 202 639600 289737277.528161 2650 2.118599 203985.922077
457 203 504256 279450833.590727 1550 2.314449 34082.747245
463 204 508400 245574177.608147 1784 2.327019 69400.576929
464 205 633152 335225136.120382 1936 2.076367 126544.252655
465 206 633632 341883308.370869 2220 2.092291 231610.208057
466 207 631856 345822583.172375 1844 2.259115 357972.341613
472 208 635968 341313116.383097 2022 2.269518 300766.641956
473 209 505296 288266775.102097 1458 2.303200 251210.090798
474 210 377184 188589602.090600 1118 2.383872 125410.983301
475 211 503840 253146669.683562 1590 2.310747 179004.128636
481 212 507824 279164103.600026 1726 2.047981 137433.982719
482 213 504656 228475683.524907 1632 1.815910 133872.574501
483 214 504832 249677943.870688 1432 1.804641 147226.572280
484 215 379872 209515868.490148 1122 2.038703 104286.036604
490 216 3045248 2885873679.981175 6652 2.870180 1139465.759131
491 217 3023776 3759300742.966207 6496 3.023707 788798.424407
492 218 3023776 3314150259.144369 6496 3.023707 865292.588038
493 219 3023776 3014031927.653407 6496 3.027200 952789.308919
499 220 3045248 3470655941.167859 6652 2.689089 501680.810146
500 221 3023776 2891450409.189219 6496 2.842550 636871.259550
501 222 3023776 2680461670.440709 6496 2.692636 422850.166668
502 223 3023776 3161626290.668632 6496 3.020213 482369.990535
508 224 3045248 5284474389.739038 6652 2.842638 704526.442238
509 225 2991360 4243009492.115025 6236 2.675099 1047590.122604
510 226 2991360 4246967802.147325 6236 2.679745 897087.451294
511 227 2991360 3842046729.535744 6236 2.516360 1295182.847118
517 228 2991360 3521488596.670827 6236 2.189035 1647710.945239
518 229 2991360 3155926263.545751 6236 2.519894 1372468.057616
519 230 3023776 3234510671.209805 6496 2.697977 1044864.200554
520 231 2991360 2985437539.404016 6236 2.189035 951225.122939
526 232 3023776 2937530088.343460 6496 2.685099 1916251.074327
527 233 2991360 2734431990.297423 6236 2.352420 806405.605651
528 234 2991360 2763276643.651075 6236 2.344795 964355.546011
529 235 3023776 3109285451.395284 6496 2.678861 986555.056503
535 236 3023776 3520942359.786648 6496 2.855427 1288114.954908
536 237 2991360 2984839464.403205 6236 2.360044 1642990.493940
537 238 3023776 3173076752.976380 6496 2.693185 1317855.723123
538 239 3023776 3590033205.385748 6496 2.690989 934984.649067
544 240 3045248 2791744325.387616 6652 2.859976 2220840.415599
545 241 3023776 3279091052.766297 6496 2.840903 1832174.649427
546 242 3023776 2998170053.392401 6496 2.371497 1492378.254184
547 243 3023776 3677717624.895486 6496 2.855226 1366811.361099
553 244 3045248 5012124144.293861 6652 3.337908 1057997.883193
554 245 2991360 3441599292.382483 6236 2.679189 1196216.914274
555 246 2991360 3837338731.350584 6236 2.843129 1706093.187430
556 247 2991360 2760206230.133289 6236 2.524540 1562849.636609
562 248 2991360 3532937243.461134 6236 2.524540 934926.307963
563 249 2991360 3220245641.872624 6236 2.351309 970553.981272
564 250 3023776 2680368445.485436 6496 2.358820 917714.341730
565 251 2991360 3873754787.711349 6236 2.688480 1277597.361880
571 252 3023776 3543783029.504428 6496 3.013774 1511792.584470
572 253 2991360 1979740587.713159 6236 2.360600 834992.549088
573 254 2991360 4805805678.691862 6236 3.180300 1590272.171302
574 255 3023776 3672878394.794405 6496 3.171974 1411163.847652
580 256 3023776 7344582366.239881 6496 3.509832 1005359.683941
581 257 2991360 6479923708.333318 6236 3.016360 1152160.316721
582 258 3023776 5951488906.375818 6496 3.171425 1209981.636799
583 259 3023776 2517540003.054295 6496 2.541075 754805.292892
589 260 3045248 3658620376.439115 6652 3.179257 700778.968531
590 261 2991360 3829792301.268746 6236 2.345906 698311.217999
591 262 2991360 3995953514.026911 6236 2.180855 650483.175052
592 263 2991360 5676650402.424320 6236 2.179745 655042.273672
598 264 2991360 3146599302.915328 6236 2.180855 2029600.218953
599 265 2991360 5176135004.239710 6236 2.684945 1423966.940079
600 266 3023776 7949810516.688106 6496 3.027749 1353313.566868
601 267 2991360 5283539228.290851 6236 2.354844 1554384.191044
607 268 3023776 8557306203.812215 6496 3.026652 1053239.989070
608 269 2991360 5508103642.674168 6236 2.669696 1484279.251102
609 270 2991360 3524046627.656454 6236 2.359489 1120312.620958
610 271 3023776 5446293699.391600 6496 3.015073 1136075.814404
616 272 3023776 5010473924.088723 6496 2.854677 641475.493309
617 273 2991360 2865872191.898675 6236 2.357065 453928.007397
618 274 3023776 4218192492.093508 6496 2.857622 597793.063874
619 275 3023776 3019210691.355124 6496 2.699074 490166.004006
625 276 3045248 4422634768.436514 6652 3.187827 740424.400359
626 277 2947584 3837884308.463684 5820 2.166667 1211994.520298
627 278 2947584 3741895964.639503 5820 2.333333 2053771.240504
628 279 2947584 3721992896.399062 5820 2.333333 1253874.573049
634 280 2947584 5711540492.918903 5820 2.666667 1656181.355332
635 281 2947584 5172165396.727486 5820 2.333333 1718028.270858
636 282 2947584 6818329336.946201 5820 2.666667 1471274.362158
637 283 2947584 5212814266.314816 5820 2.500000 1560195.977492
643 284 2947584 8367635663.195543 5820 2.833333 2234255.335398
644 285 2947584 5638881212.497587 5820 2.166667 1484148.778260
645 286 2991360 6643550769.023693 6236 2.505201 1958086.431408
646 287 2947584 6681671768.411632 5820 2.666667 2067806.088723
652 288 2991360 6233777330.417655 6236 2.672675 1341693.396766
653 289 2947584 6344112686.195195 5820 2.333333 1943673.058353
654 290 2991360 5290975066.105544 6236 2.344795 1313397.583272
655 291 2947584 5835339257.593748 5820 2.166667 1977375.901861
661 292 2991360 3695575798.015557 6236 2.680855 2093730.735168
662 293 2947584 5425327366.099566 5820 2.666667 1856062.940884
663 294 2947584 4958769701.637811 5820 2.500000 1919598.235826
664 295 2991360 5279877939.264419 6236 2.852420 1755191.895520
670 296 2991360 3490352349.973258 6236 2.688480 432192.436751
671 297 2947584 4712555955.219669 5820 2.333333 2148976.001974
672 298 2947584 3031088602.817334 5820 2.166667 2011221.661317
673 299 2991360 4124341905.627745 6236 2.524540 1912315.237306
679 300 2991360 3340445669.580151 6236 2.688480 517517.930915
680 301 2947584 3658179862.569396 5820 2.333333 1338421.195560
681 302 2991360 4131062834.883329 6236 2.521005 1172768.847468
682 303 2991360 4023094130.740768 6236 2.524540 468634.891902
688 304 3023776 4530482565.655167 6496 3.027749 989576.482348
689 305 2947584 1994608584.998078 5820 2.000000 1514542.824864
690 306 2991360 3960997350.050275 6236 2.523984 981811.265508
691 307 2991360 3289906217.872789 6236 2.524540 437988.270616
697 308 3023776 4407500841.556888 6496 3.027749 1394321.968167
698 309 2947584 5717158951.425327 5820 2.666667 1291402.495224
699 310 2947584 4083412175.125654 5820 2.500000 2399148.644482
700 311 2947584 5071330610.578350 5820 2.666667 1927055.946109
706 312 2947584 3171249404.469937 5820 2.500000 1687380.244578
707 313 2991360 5096070580.179565 6236 2.679189 3011840.258001
708 314 2991360 4372985479.948807 6236 2.840150 2609118.050590
709 315 2991360 3791606794.028119 6236 2.844240 2351772.299167
715 316 2991360 3351537736.684635 6236 2.668030 467118.556335
716 317 2947584 3349536295.358535 5820 2.333333 2460512.932704
717 318 2991360 5393966643.942335 6236 3.172120 1333090.107161
718 319 2947584 3692842486.375240 5820 2.833333 1838086.113241
724 320 2991360 2819294153.953451 6236 3.159850 622415.292504
725 321 2991360 2705859949.304482 6236 2.851865 807184.180205
726 322 3023776 2678260774.671421 6496 2.854677 1077796.857649
727 323 2991360 3012881127.954991 6236 2.848330 1095066.517222
733 324 3023776 3145864947.297939 6496 2.541624 539493.142413
734 325 2947584 2233703849.352975 5820 2.166667 569538.705209
735 326 2947584 2334845162.048695 5820 2.000000 514387.526634
736 327 2991360 2505505201.420380 6236 2.524540 467500.881373
742 328 2991360 1822555658.902404 6236 2.688480 528344.110751
743 329 2991360 2343785940.756952 6236 2.517470 743884.664156
744 330 2991360 2157724717.885815 6236 2.356510 571727.081594
745 331 3023776 2017128313.948851 6496 2.699623 662252.790569
751 332 3023776 1971849822.786669 6496 2.696129 537825.441236
752 333 2947584 2350128213.972955 5820 2.333333 538416.070257
753 334 2991360 2351634214.796041 6236 2.520450 724151.064077
754 335 2991360 1989958207.088127 6236 2.524540 532965.102697
760 336 3023776 2409322101.514587 6496 3.027200 668016.150995
761 337 2991360 1732930094.303852 6236 2.028630 950546.934350
762 338 3023776 2420068138.556199 6496 2.538130 445495.152586
763 339 3023776 2198385007.658764 6496 2.541075 435533.770745
769 340 3045248 2185476505.825931 6652 3.035022 364199.898041
770 341 32064632 5694423927.160199 84608 2.799642 128663.976857
771 342 38753880 11042380111.717806 96717 2.715227 1026391.626315
772 343 38747532 7371304214.401156 96726 2.371442 393199.260845
778 344 32493596 5241113590.711382 82011 2.808310 93217.059766
779 345 39178140 9193109563.329502 100852 2.349768 735667.478371
780 346 33751788 6660416867.021751 83649 2.569539 642325.993360
781 347 27933140 3363584482.071482 73021 2.832920 10367.572281
787 348 39596272 11239157900.813368 101494 2.737370 596100.135177
788 349 32916208 8289277162.610353 82004 3.052182 437203.186025
789 350 32920828 5140690490.623583 85442 2.592185 33861.129682
790 351 36667572 9295054592.429287 93411 3.317842 653684.614943
796 352 32910660 5537694676.415409 81989 3.031174 58470.941982
797 353 29573788 4435739096.065681 76974 3.131590 4798.482336
798 354 40411528 8730568475.264084 102403 1.926971 412990.802194
799 355 32504728 6636984706.373559 80566 2.411770 25797.163990
805 356 32523708 3987962991.748280 84033 2.473458 2722743.364180
806 357 36259468 8088320073.169093 91917 2.126402 1607186.174966
807 358 32504832 7329198606.283024 80543 2.412153 453659.392608
808 359 33341032 4172879233.911741 86894 2.410400 1088023.918962
814 360 36672956 8859982452.867056 92954 2.147983 340384.484486
815 361 32502664 7021213262.213282 80550 2.258374 3812051.142521
816 362 32501036 10021635180.084219 84014 2.100319 697411.397968
817 363 36248328 7766679035.881993 91859 2.287318 1353378.148018
823 364 32504220 7585195248.848191 80568 2.468561 84921.371995
824 365 34582828 10269594122.038984 89386 2.342076 195452.251664
825 366 32086876 7631312782.066148 84683 2.291493 1991811.187464
826 367 38747032 14798190749.326355 96728 2.316915 1076225.038600
832 368 38731736 12143423211.912458 96707 2.005402 16636626.079293
833 369 32491384 7994033962.619099 82040 2.122754 12292386.547141
834 370 39173636 13981511347.792257 100853 1.930140 21275611.332909
835 371 33754344 10158693447.928284 83633 2.106045 15484443.045045
841 372 27919224 8145124664.515212 72990 2.759422 2403192.182265
842 373 39597368 10783463096.109703 101486 1.883973 2184085.024321
843 374 32923868 10016625040.510435 82101 2.102338 324041.665130
844 375 32925724 3657993465.811591 85448 2.099042 17675.156321
850 376 36670540 11325788582.144428 93358 1.988728 3630669.138581
851 377 32918448 6502386997.646559 82005 1.937869 116926.904986
852 378 29578180 5516919273.251550 76880 2.123991 66496.390834
853 379 40403288 14373869356.733522 102369 2.505325 3421188.395532
859 380 32501204 13825041663.373594 80568 2.795773 2936592.630452
860 381 32497604 8086154200.869619 84032 2.689922 154109.344100
861 382 36249024 8669963741.045168 91890 2.887495 1448751.274179
862 383 32504212 8968596379.472252 80569 2.418441 1276935.214658
868 384 33338416 7271623255.706985 86940 3.237854 320624.476822
869 385 36664632 5827371664.400557 92949 2.011195 464918.168147
870 386 32504460 6380444530.215724 80609 2.565982 334346.700378
871 387 32512656 7901209611.809143 84082 2.562192 971198.989265
877 388 36240660 7674325313.961072 91839 2.402898 1414857.860081
878 389 32489448 7167877591.216593 80477 2.719895 2470432.074131
879 390 34567788 9254171333.512800 89328 2.675581 1657922.870408
880 391 32073480 3222758233.323022 84700 2.161687 49524.434582
886 392 38736336 6150257893.121283 96743 2.097712 394310.904661
887 393 38740296 5211449178.212146 96728 1.828288 88087.579306
888 394 32488240 4633480372.161624 82008 2.116159 61799.826279
889 395 39180064 5847849405.691092 100918 2.010178 94735.382011
895 396 33726884 4467667503.276382 83569 1.982018 52528.743748
896 397 27921168 7477278384.929827 72986 2.065821 0.000000
897 398 39579236 7894717297.596276 101487 1.925287 23506837.023613
898 399 32905348 8211585677.732697 81992 2.102670 21956481.473393
904 400 32909292 5833155400.051918 85428 2.480375 2231197.654770
905 401 36652636 8880661707.143576 93322 2.136135 18929804.502835
906 402 32895816 8644634724.702223 81978 2.419749 32561675.674229
907 403 29578936 5592249986.756215 76989 2.476557 1831980.968453
913 404 40428396 9370397659.268066 102409 2.138504 16820080.065602
914 405 32503148 8391504415.707232 80581 2.264302 44228858.080272
915 406 32494276 5314790155.014507 83974 2.107058 686701.234334
916 407 36263460 10213714736.353077 91963 2.293174 19344015.811623
922 408 32508192 8565869882.771357 80579 2.487400 19432444.307652
923 409 33336608 4996989213.967815 86910 2.374031 46715543.513500
924 410 36652080 7966534744.919831 92881 2.197828 5893721.104728
925 411 32505128 7116560827.556800 80581 2.110283 42724741.730792
931 412 32510492 7840350940.577393 84009 2.326568 22052016.961337
932 413 36243032 9204747299.654778 91853 1.994157 22266292.656656
933 414 32505740 7554890124.193424 80573 2.423983 59350112.393649
934 415 34588544 9139701862.419996 89342 2.407107 17955694.157003
940 416 32073304 8050167145.419028 84725 2.336798 47691317.154353
941 417 38745076 9507640060.291636 96708 2.269017 1941589.024177
942 418 38745084 7918286691.027727 96674 2.268697 9953541.681492
943 419 32498812 8405575432.332518 81971 2.308227 46745637.468022
949 420 39165496 8484055784.944370 100800 2.339043 3358229.100132
950 421 33745704 8148972796.409564 83687 2.235737 17288272.169701
951 422 27913272 3879794143.127204 72964 2.445450 141080.829393
952 423 39598796 7972072984.594195 101491 2.273335 3097978.628754
958 424 32917712 6705001366.538572 82034 2.323306 8163282.065989
959 425 32923360 4502332346.074923 85516 2.219802 1163234.569553
960 426 36667220 7317547826.205731 93268 2.197995 3530349.415476
961 427 32905384 7404226003.138950 82024 2.108439 16679583.619110
967 428 29579992 4727958876.114867 76940 2.527850 196520.230349
968 429 40416496 7809614612.185270 102446 2.015238 2453041.017248
969 430 32493152 7733522191.446548 80473 2.424624 811050.243631
970 431 32496836 5713412715.370365 83977 2.420586 232474.948830
976 432 36249616 6802295765.667336 91856 2.132443 13395660.219809
977 433 32503208 7456202448.661185 80567 2.264176 21308178.502009
978 434 33340156 4597922123.417979 86877 2.116875 153977.000308
979 435 36649744 6338825109.446665 92860 2.289929 3163042.155011
985 436 32486248 5822298443.492513 80548 2.487125 7212754.761028
986 437 32505608 5409621539.370610 83973 2.382466 3154719.428564
987 438 36236440 5080926522.062301 91869 2.200403 656471.791016
988 439 32472632 5477188147.254196 80482 2.109950 12165274.999652
994 440 34549172 3995394595.079484 89249 2.451394 0.000000
995 441 0 0.000000 0 -nan 0.000000
996 442 0 0.000000 0 -nan 0.000000
997 443 0 0.000000 0 -nan 0.000000
1003 444 0 0.000000 0 -nan 0.000000
1004 445 0 0.000000 0 -nan 0.000000
1005 446 0 0.000000 0 -nan 0.000000
1006 447 0 0.000000 0 -nan 0.000000
1012 448 0 0.000000 0 -nan 0.000000
1013 449 0 0.000000 0 -nan 0.000000
1014 450 0 0.000000 0 -nan 0.000000
1015 451 0 0.000000 0 -nan 0.000000
1021 452 0 0.000000 0 -nan 0.000000
1022 453 0 0.000000 0 -nan 0.000000
1023 454 0 0.000000 0 -nan 0.000000
1024 455 0 0.000000 0 -nan 0.000000
1030 456 0 0.000000 0 -nan 0.000000
1031 457 0 0.000000 0 -nan 0.000000
1032 458 0 0.000000 0 -nan 0.000000
1033 459 0 0.000000 0 -nan 0.000000
1039 460 0 0.000000 0 -nan 0.000000
1040 461 0 0.000000 0 -nan 0.000000
1041 462 0 0.000000 0 -nan 0.000000
1042 463 0 0.000000 0 -nan 0.000000
1048 464 0 0.000000 0 -nan 0.000000
1049 465 0 0.000000 0 -nan 0.000000
1050 466 0 0.000000 0 -nan 0.000000
1051 467 0 0.000000 0 -nan 0.000000
1057 468 0 0.000000 0 -nan 0.000000
1058 469 0 0.000000 0 -nan 0.000000
1059 470 0 0.000000 0 -nan 0.000000
1060 471 0 0.000000 0 -nan 0.000000
1066 472 0 0.000000 0 -nan 0.000000
1067 473 0 0.000000 0 -nan 0.000000
1068 474 0 0.000000 0 -nan 0.000000
1069 475 0 0.000000 0 -nan 0.000000
1075 476 0 0.000000 0 -nan 0.000000
1076 477 0 0.000000 0 -nan 0.000000
1077 478 0 0.000000 0 -nan 0.000000
1078 479 0 0.000000 0 -nan 0.000000
1084 480 0 0.000000 0 -nan 0.000000
1085 481 0 0.000000 0 -nan 0.000000
1086 482 0 0.000000 0 -nan 0.000000
1087 483 0 0.000000 0 -nan 0.000000
1093 484 0 0.000000 0 -nan 0.000000
1094 485 0 0.000000 0 -nan 0.000000
1095 486 0 0.000000 0 -nan 0.000000
1096 487 0 0.000000 0 -nan 0.000000
1102 488 0 0.000000 0 -nan 0.000000
1103 489 0 0.000000 0 -nan 0.000000
1104 490 0 0.000000 0 -nan 0.000000
1105 491 0 0.000000 0 -nan 0.000000
1111 492 0 0.000000 0 -nan 0.000000
1112 493 0 0.000000 0 -nan 0.000000
1113 494 0 0.000000 0 -nan 0.000000
1114 495 0 0.000000 0 -nan 0.000000
1120 496 0 0.000000 0 -nan 0.000000
1121 497 0 0.000000 0 -nan 0.000000
1122 498 0 0.000000 0 -nan 0.000000
1123 499 0 0.000000 0 -nan 0.000000
1129 500 0 0.000000 0 -nan 0.000000
1130 501 0 0.000000 0 -nan 0.000000
1131 502 0 0.000000 0 -nan 0.000000
1132 503 0 0.000000 0 -nan 0.000000
1138 504 0 0.000000 0 -nan 0.000000
1139 505 0 0.000000 0 -nan 0.000000
1140 506 0 0.000000 0 -nan 0.000000
1141 507 0 0.000000 0 -nan 0.000000
1147 508 0 0.000000 0 -nan 0.000000
1148 509 0 0.000000 0 -nan 0.000000
1149 510 0 0.000000 0 -nan 0.000000
1150 511 0 0.000000 0 -nan 0.000000
1156 512 0 0.000000 0 -nan 0.000000
1157 513 0 0.000000 0 -nan 0.000000
1158 514 0 0.000000 0 -nan 0.000000
1159 515 0 0.000000 0 -nan 0.000000
1165 516 0 0.000000 0 -nan 0.000000
1166 517 0 0.000000 0 -nan 0.000000
1167 518 0 0.000000 0 -nan 0.000000
1168 519 0 0.000000 0 -nan 0.000000
1174 520 0 0.000000 0 -nan 0.000000
1175 521 0 0.000000 0 -nan 0.000000
1176 522 0 0.000000 0 -nan 0.000000
1177 523 0 0.000000 0 -nan 0.000000
1183 524 0 0.000000 0 -nan 0.000000
1184 525 0 0.000000 0 -nan 0.000000
1185 526 0 0.000000 0 -nan 0.000000
1186 527 0 0.000000 0 -nan 0.000000
1192 528 0 0.000000 0 -nan 0.000000
1193 529 0 0.000000 0 -nan 0.000000
1194 530 0 0.000000 0 -nan 0.000000
1195 531 0 0.000000 0 -nan 0.000000
1201 532 0 0.000000 0 -nan 0.000000
1202 533 0 0.000000 0 -nan 0.000000
1203 534 0 0.000000 0 -nan 0.000000
1204 535 0 0.000000 0 -nan 0.000000
1210 536 0 0.000000 0 -nan 0.000000
1211 537 0 0.000000 0 -nan 0.000000
1212 538 0 0.000000 0 -nan 0.000000
1213 539 0 0.000000 0 -nan 0.000000
1219 540 0 0.000000 0 -nan 0.000000
1220 541 0 0.000000 0 -nan 0.000000
1221 542 0 0.000000 0 -nan 0.000000
1222 543 0 0.000000 0 -nan 0.000000
1228 544 0 0.000000 0 -nan 0.000000
1229 545 0 0.000000 0 -nan 0.000000
1230 546 0 0.000000 0 -nan 0.000000
1231 547 0 0.000000 0 -nan 0.000000
1237 548 0 0.000000 0 -nan 0.000000
1238 549 0 0.000000 0 -nan 0.000000
1239 550 0 0.000000 0 -nan 0.000000
1240 551 0 0.000000 0 -nan 0.000000
1246 552 0 0.000000 0 -nan 0.000000
1247 553 0 0.000000 0 -nan 0.000000
1248 554 0 0.000000 0 -nan 0.000000
1249 555 0 0.000000 0 -nan 0.000000
1255 556 0 0.000000 0 -nan 0.000000
1256 557 0 0.000000 0 -nan 0.000000
1257 558 0 0.000000 0 -nan 0.000000
1258 559 0 0.000000 0 -nan 0.000000
1264 560 0 0.000000 0 -nan 0.000000
1265 561 0 0.000000 0 -nan 0.000000
1266 562 0 0.000000 0 -nan 0.000000
1267 563 0 0.000000 0 -nan 0.000000
1273 564 0 0.000000 0 -nan 0.000000
1274 565 0 0.000000 0 -nan 0.000000
1275 566 0 0.000000 0 -nan 0.000000
1276 567 0 0.000000 0 -nan 0.000000
1282 568 0 0.000000 0 -nan 0.000000
1283 569 0 0.000000 0 -nan 0.000000
1284 570 0 0.000000 0 -nan 0.000000
1285 571 0 0.000000 0 -nan 0.000000
1291 572 0 0.000000 0 -nan 0.000000
1292 573 0 0.000000 0 -nan 0.000000
1293 574 0 0.000000 0 -nan 0.000000
1294 575 0 0.000000 0 -nan 0.000000
1300 576 0 0.000000 0 -nan 0.000000
1301 577 0 0.000000 0 -nan 0.000000
1302 578 0 0.000000 0 -nan 0.000000
1303 579 0 0.000000 0 -nan 0.000000
1309 580 0 0.000000 0 -nan 0.000000
1310 581 0 0.000000 0 -nan 0.000000
1311 582 0 0.000000 0 -nan 0.000000
1312 583 0 0.000000 0 -nan 0.000000
1318 584 0 0.000000 0 -nan 0.000000
1319 585 0 0.000000 0 -nan 0.000000
1320 586 0 0.000000 0 -nan 0.000000
1321 587 0 0.000000 0 -nan 0.000000
1327 588 0 0.000000 0 -nan 0.000000
1328 589 0 0.000000 0 -nan 0.000000
1329 590 0 0.000000 0 -nan 0.000000
1330 591 0 0.000000 0 -nan 0.000000
1336 592 0 0.000000 0 -nan 0.000000
1337 593 0 0.000000 0 -nan 0.000000
1338 594 0 0.000000 0 -nan 0.000000
1339 595 0 0.000000 0 -nan 0.000000
1345 596 0 0.000000 0 -nan 0.000000
1346 597 0 0.000000 0 -nan 0.000000
1347 598 0 0.000000 0 -nan 0.000000
1348 599 0 0.000000 0 -nan 0.000000
1354 600 0 0.000000 0 -nan 0.000000
1355 601 0 0.000000 0 -nan 0.000000
1356 602 0 0.000000 0 -nan 0.000000
1357 603 0 0.000000 0 -nan 0.000000
1363 604 0 0.000000 0 -nan 0.000000
1364 605 0 0.000000 0 -nan 0.000000
1365 606 0 0.000000 0 -nan 0.000000
1366 607 0 0.000000 0 -nan 0.000000
1372 608 0 0.000000 0 -nan 0.000000
1373 609 0 0.000000 0 -nan 0.000000
1374 610 0 0.000000 0 -nan 0.000000
1375 611 0 0.000000 0 -nan 0.000000
1381 612 0 0.000000 0 -nan 0.000000
1382 613 0 0.000000 0 -nan 0.000000
1383 614 0 0.000000 0 -nan 0.000000
1384 615 0 0.000000 0 -nan 0.000000
1390 616 0 0.000000 0 -nan 0.000000
1391 617 0 0.000000 0 -nan 0.000000
1392 618 0 0.000000 0 -nan 0.000000
1393 619 0 0.000000 0 -nan 0.000000
1399 620 0 0.000000 0 -nan 0.000000
1400 621 0 0.000000 0 -nan 0.000000
1401 622 0 0.000000 0 -nan 0.000000
1402 623 0 0.000000 0 -nan 0.000000
1408 624 0 0.000000 0 -nan 0.000000
1409 625 0 0.000000 0 -nan 0.000000
1410 626 0 0.000000 0 -nan 0.000000
1411 627 0 0.000000 0 -nan 0.000000
1417 628 0 0.000000 0 -nan 0.000000
1418 629 0 0.000000 0 -nan 0.000000
1419 630 0 0.000000 0 -nan 0.000000
1420 631 0 0.000000 0 -nan 0.000000
1426 632 0 0.000000 0 -nan 0.000000
1427 633 0 0.000000 0 -nan 0.000000
1428 634 0 0.000000 0 -nan 0.000000
1429 635 0 0.000000 0 -nan 0.000000
1435 636 0 0.000000 0 -nan 0.000000
1436 637 0 0.000000 0 -nan 0.000000
1437 638 0 0.000000 0 -nan 0.000000
1438 639 0 0.000000 0 -nan 0.000000
1444 640 0 0.000000 0 -nan 0.000000
1445 641 0 0.000000 0 -nan 0.000000
1446 642 0 0.000000 0 -nan 0.000000
1447 643 0 0.000000 0 -nan 0.000000
1453 644 0 0.000000 0 -nan 0.000000
1454 645 0 0.000000 0 -nan 0.000000
1455 646 0 0.000000 0 -nan 0.000000
1456 647 0 0.000000 0 -nan 0.000000
1462 648 0 0.000000 0 -nan 0.000000
1463 649 0 0.000000 0 -nan 0.000000
1464 650 0 0.000000 0 -nan 0.000000
1465 651 0 0.000000 0 -nan 0.000000
1471 652 0 0.000000 0 -nan 0.000000
1472 653 0 0.000000 0 -nan 0.000000
1473 654 0 0.000000 0 -nan 0.000000
1474 655 0 0.000000 0 -nan 0.000000
1480 656 0 0.000000 0 -nan 0.000000
1481 657 0 0.000000 0 -nan 0.000000
1482 658 0 0.000000 0 -nan 0.000000
1483 659 0 0.000000 0 -nan 0.000000
1489 660 0 0.000000 0 -nan 0.000000
1490 661 0 0.000000 0 -nan 0.000000
1491 662 0 0.000000 0 -nan 0.000000
1492 663 0 0.000000 0 -nan 0.000000
1498 664 0 0.000000 0 -nan 0.000000
1499 665 0 0.000000 0 -nan 0.000000
1500 666 0 0.000000 0 -nan 0.000000
1501 667 0 0.000000 0 -nan 0.000000
1507 668 0 0.000000 0 -nan 0.000000
1508 669 0 0.000000 0 -nan 0.000000
1509 670 0 0.000000 0 -nan 0.000000
1510 671 0 0.000000 0 -nan 0.000000
1516 672 0 0.000000 0 -nan 0.000000
1517 673 0 0.000000 0 -nan 0.000000
1518 674 0 0.000000 0 -nan 0.000000
1519 675 0 0.000000 0 -nan 0.000000
1525 676 0 0.000000 0 -nan 0.000000
1526 677 0 0.000000 0 -nan 0.000000
1527 678 0 0.000000 0 -nan 0.000000
1528 679 0 0.000000 0 -nan 0.000000
1534 680 0 0.000000 0 -nan 0.000000
1535 681 0 0.000000 0 -nan 0.000000
1536 682 0 0.000000 0 -nan 0.000000
1537 683 0 0.000000 0 -nan 0.000000
1543 684 0 0.000000 0 -nan 0.000000
1544 685 0 0.000000 0 -nan 0.000000
1545 686 0 0.000000 0 -nan 0.000000
1546 687 0 0.000000 0 -nan 0.000000
1552 688 0 0.000000 0 -nan 0.000000
1553 689 0 0.000000 0 -nan 0.000000
1554 690 0 0.000000 0 -nan 0.000000
1555 691 0 0.000000 0 -nan 0.000000
1561 692 0 0.000000 0 -nan 0.000000
1562 693 0 0.000000 0 -nan 0.000000
1563 694 0 0.000000 0 -nan 0.000000
1564 695 0 0.000000 0 -nan 0.000000
1570 696 0 0.000000 0 -nan 0.000000
1571 697 0 0.000000 0 -nan 0.000000
1572 698 0 0.000000 0 -nan 0.000000
1573 699 0 0.000000 0 -nan 0.000000
1579 700 0 0.000000 0 -nan 0.000000
1580 701 0 0.000000 0 -nan 0.000000
1581 702 0 0.000000 0 -nan 0.000000
1582 703 0 0.000000 0 -nan 0.000000
1588 704 0 0.000000 0 -nan 0.000000
1589 705 0 0.000000 0 -nan 0.000000
1590 706 0 0.000000 0 -nan 0.000000
1591 707 0 0.000000 0 -nan 0.000000
1597 708 0 0.000000 0 -nan 0.000000
1598 709 0 0.000000 0 -nan 0.000000
1599 710 0 0.000000 0 -nan 0.000000
1600 711 0 0.000000 0 -nan 0.000000
1606 712 0 0.000000 0 -nan 0.000000
1607 713 0 0.000000 0 -nan 0.000000
1608 714 0 0.000000 0 -nan 0.000000
1609 715 0 0.000000 0 -nan 0.000000
1615 716 0 0.000000 0 -nan 0.000000
1616 717 0 0.000000 0 -nan 0.000000
1617 718 0 0.000000 0 -nan 0.000000
1618 719 0 0.000000 0 -nan 0.000000
1624 720 0 0.000000 0 -nan 0.000000
1625 721 0 0.000000 0 -nan 0.000000
1626 722 0 0.000000 0 -nan 0.000000
1627 723 0 0.000000 0 -nan 0.000000
1633 724 0 0.000000 0 -nan 0.000000
1634 725 0 0.000000 0 -nan 0.000000
1635 726 0 0.000000 0 -nan 0.000000
1636 727 0 0.000000 0 -nan 0.000000
1642 728 0 0.000000 0 -nan 0.000000
1643 729 0 0.000000 0 -nan 0.000000
1644 730 0 0.000000 0 -nan 0.000000
1645 731 0 0.000000 0 -nan 0.000000
1651 732 0 0.000000 0 -nan 0.000000
1652 733 0 0.000000 0 -nan 0.000000
1653 734 0 0.000000 0 -nan 0.000000
1654 735 0 0.000000 0 -nan 0.000000
1660 736 0 0.000000 0 -nan 0.000000
1661 737 0 0.000000 0 -nan 0.000000
1662 738 0 0.000000 0 -nan 0.000000
1663 739 0 0.000000 0 -nan 0.000000
1669 740 0 0.000000 0 -nan 0.000000
1670 741 0 0.000000 0 -nan 0.000000
1671 742 0 0.000000 0 -nan 0.000000
1672 743 0 0.000000 0 -nan 0.000000
1678 744 0 0.000000 0 -nan 0.000000
1679 745 0 0.000000 0 -nan 0.000000
1680 746 0 0.000000 0 -nan 0.000000
1681 747 0 0.000000 0 -nan 0.000000
1687 748 0 0.000000 0 -nan 0.000000
1688 749 0 0.000000 0 -nan 0.000000
1689 750 0 0.000000 0 -nan 0.000000
1690 751 0 0.000000 0 -nan 0.000000
1696 752 0 0.000000 0 -nan 0.000000
1697 753 0 0.000000 0 -nan 0.000000
1698 754 0 0.000000 0 -nan 0.000000
1699 755 0 0.000000 0 -nan 0.000000
1705 756 0 0.000000 0 -nan 0.000000
1706 757 0 0.000000 0 -nan 0.000000
1707 758 0 0.000000 0 -nan 0.000000
1708 759 0 0.000000 0 -nan 0.000000
1714 760 0 0.000000 0 -nan 0.000000
1715 761 0 0.000000 0 -nan 0.000000
1716 762 0 0.000000 0 -nan 0.000000
1717 763 0 0.000000 0 -nan 0.000000
1723 764 0 0.000000 0 -nan 0.000000
1724 765 0 0.000000 0 -nan 0.000000
1725 766 0 0.000000 0 -nan 0.000000
1726 767 0 0.000000 0 -nan 0.000000
1732 768 0 0.000000 0 -nan 0.000000
1733 769 0 0.000000 0 -nan 0.000000
1734 770 0 0.000000 0 -nan 0.000000
1735 771 0 0.000000 0 -nan 0.000000
1741 772 0 0.000000 0 -nan 0.000000
1742 773 0 0.000000 0 -nan 0.000000
1743 774 0 0.000000 0 -nan 0.000000
1744 775 0 0.000000 0 -nan 0.000000
1750 776 0 0.000000 0 -nan 0.000000
1751 777 0 0.000000 0 -nan 0.000000
1752 778 0 0.000000 0 -nan 0.000000
1753 779 0 0.000000 0 -nan 0.000000
1759 780 0 0.000000 0 -nan 0.000000
1760 781 0 0.000000 0 -nan 0.000000
1761 782 0 0.000000 0 -nan 0.000000
1762 783 0 0.000000 0 -nan 0.000000
1768 784 0 0.000000 0 -nan 0.000000
1769 785 0 0.000000 0 -nan 0.000000
1770 786 0 0.000000 0 -nan 0.000000
1771 787 0 0.000000 0 -nan 0.000000
1777 788 0 0.000000 0 -nan 0.000000
1778 789 0 0.000000 0 -nan 0.000000
1779 790 0 0.000000 0 -nan 0.000000
1780 791 0 0.000000 0 -nan 0.000000
1786 792 0 0.000000 0 -nan 0.000000
1787 793 0 0.000000 0 -nan 0.000000
1788 794 0 0.000000 0 -nan 0.000000
1789 795 0 0.000000 0 -nan 0.000000
1795 796 0 0.000000 0 -nan 0.000000
1796 797 0 0.000000 0 -nan 0.000000
1797 798 0 0.000000 0 -nan 0.000000
1798 799 0 0.000000 0 -nan 0.000000
1804 800 0 0.000000 0 -nan 0.000000
1805 801 0 0.000000 0 -nan 0.000000
1806 802 0 0.000000 0 -nan 0.000000
1807 803 0 0.000000 0 -nan 0.000000
1813 804 0 0.000000 0 -nan 0.000000
1814 805 0 0.000000 0 -nan 0.000000
1815 806 0 0.000000 0 -nan 0.000000
1816 807 0 0.000000 0 -nan 0.000000
1822 808 0 0.000000 0 -nan 0.000000
1823 809 0 0.000000 0 -nan 0.000000
1824 810 0 0.000000 0 -nan 0.000000
1825 811 0 0.000000 0 -nan 0.000000
1831 812 0 0.000000 0 -nan 0.000000
1832 813 0 0.000000 0 -nan 0.000000
1833 814 0 0.000000 0 -nan 0.000000
1834 815 0 0.000000 0 -nan 0.000000
1840 816 0 0.000000 0 -nan 0.000000
1841 817 0 0.000000 0 -nan 0.000000
1842 818 0 0.000000 0 -nan 0.000000
1843 819 0 0.000000 0 -nan 0.000000
1849 820 0 0.000000 0 -nan 0.000000
1850 821 0 0.000000 0 -nan 0.000000
1851 822 0 0.000000 0 -nan 0.000000
1852 823 0 0.000000 0 -nan 0.000000
1858 824 0 0.000000 0 -nan 0.000000
1859 825 0 0.000000 0 -nan 0.000000
1860 826 0 0.000000 0 -nan 0.000000
1861 827 0 0.000000 0 -nan 0.000000
1867 828 0 0.000000 0 -nan 0.000000
1868 829 0 0.000000 0 -nan 0.000000
1869 830 0 0.000000 0 -nan 0.000000
1870 831 0 0.000000 0 -nan 0.000000
1876 832 0 0.000000 0 -nan 0.000000
1877 833 0 0.000000 0 -nan 0.000000
1878 834 0 0.000000 0 -nan 0.000000
1879 835 0 0.000000 0 -nan 0.000000
1885 836 0 0.000000 0 -nan 0.000000
1886 837 0 0.000000 0 -nan 0.000000
1887 838 0 0.000000 0 -nan 0.000000
1888 839 0 0.000000 0 -nan 0.000000
1894 840 0 0.000000 0 -nan 0.000000
1895 841 0 0.000000 0 -nan 0.000000
1896 842 0 0.000000 0 -nan 0.000000
1897 843 0 0.000000 0 -nan 0.000000
1903 844 0 0.000000 0 -nan 0.000000
1904 845 0 0.000000 0 -nan 0.000000
1905 846 0 0.000000 0 -nan 0.000000
1906 847 0 0.000000 0 -nan 0.000000
1912 848 0 0.000000 0 -nan 0.000000
1913 849 0 0.000000 0 -nan 0.000000
1914 850 0 0.000000 0 -nan 0.000000
1915 851 0 0.000000 0 -nan 0.000000
1921 852 0 0.000000 0 -nan 0.000000
1922 853 0 0.000000 0 -nan 0.000000
1923 854 0 0.000000 0 -nan 0.000000
1924 855 0 0.000000 0 -nan 0.000000
1930 856 0 0.000000 0 -nan 0.000000
1931 857 0 0.000000 0 -nan 0.000000
1932 858 0 0.000000 0 -nan 0.000000
1933 859 0 0.000000 0 -nan 0.000000
1939 860 0 0.000000 0 -nan 0.000000
1940 861 0 0.000000 0 -nan 0.000000
1941 862 0 0.000000 0 -nan 0.000000
1942 863 0 0.000000 0 -nan 0.000000
1948 864 0 0.000000 0 -nan 0.000000
1949 865 0 0.000000 0 -nan 0.000000
1950 866 0 0.000000 0 -nan 0.000000
1951 867 0 0.000000 0 -nan 0.000000
1957 868 0 0.000000 0 -nan 0.000000
1958 869 0 0.000000 0 -nan 0.000000
1959 870 0 0.000000 0 -nan 0.000000
1960 871 0 0.000000 0 -nan 0.000000
1966 872 0 0.000000 0 -nan 0.000000
1967 873 0 0.000000 0 -nan 0.000000
1968 874 0 0.000000 0 -nan 0.000000
1969 875 0 0.000000 0 -nan 0.000000
1975 876 0 0.000000 0 -nan 0.000000
1976 877 0 0.000000 0 -nan 0.000000
1977 878 0 0.000000 0 -nan 0.000000
1978 879 0 0.000000 0 -nan 0.000000
1984 880 0 0.000000 0 -nan 0.000000
1985 881 0 0.000000 0 -nan 0.000000
1986 882 0 0.000000 0 -nan 0.000000
1987 883 0 0.000000 0 -nan 0.000000
1993 884 0 0.000000 0 -nan 0.000000
1994 885 0 0.000000 0 -nan 0.000000
1995 886 0 0.000000 0 -nan 0.000000
1996 887 0 0.000000 0 -nan 0.000000
2002 888 0 0.000000 0 -nan 0.000000
2003 889 0 0.000000 0 -nan 0.000000
2004 890 0 0.000000 0 -nan 0.000000
2005 891 0 0.000000 0 -nan 0.000000
2011 892 0 0.000000 0 -nan 0.000000
2012 893 0 0.000000 0 -nan 0.000000
2013 894 0 0.000000 0 -nan 0.000000
2014 895 0 0.000000 0 -nan 0.000000
2020 896 0 0.000000 0 -nan 0.000000
2021 897 0 0.000000 0 -nan 0.000000
2022 898 0 0.000000 0 -nan 0.000000
2023 899 0 0.000000 0 -nan 0.000000
2029 900 0 0.000000 0 -nan 0.000000
2030 901 0 0.000000 0 -nan 0.000000
2031 902 0 0.000000 0 -nan 0.000000
2032 903 0 0.000000 0 -nan 0.000000
2038 904 0 0.000000 0 -nan 0.000000
2039 905 0 0.000000 0 -nan 0.000000
2040 906 0 0.000000 0 -nan 0.000000
2041 907 0 0.000000 0 -nan 0.000000
2047 908 0 0.000000 0 -nan 0.000000
2048 909 0 0.000000 0 -nan 0.000000
2049 910 0 0.000000 0 -nan 0.000000
2050 911 0 0.000000 0 -nan 0.000000
2056 912 0 0.000000 0 -nan 0.000000
2057 913 0 0.000000 0 -nan 0.000000
2058 914 0 0.000000 0 -nan 0.000000
2059 915 0 0.000000 0 -nan 0.000000
2065 916 0 0.000000 0 -nan 0.000000
2066 917 0 0.000000 0 -nan 0.000000
2067 918 0 0.000000 0 -nan 0.000000
2068 919 0 0.000000 0 -nan 0.000000
2074 920 0 0.000000 0 -nan 0.000000
2075 921 0 0.000000 0 -nan 0.000000
2076 922 0 0.000000 0 -nan 0.000000
2077 923 0 0.000000 0 -nan 0.000000
2083 924 0 0.000000 0 -nan 0.000000
2084 925 0 0.000000 0 -nan 0.000000
2085 926 0 0.000000 0 -nan 0.000000
2086 927 0 0.000000 0 -nan 0.000000
2092 928 0 0.000000 0 -nan 0.000000
2093 929 0 0.000000 0 -nan 0.000000
2094 930 0 0.000000 0 -nan 0.000000
2095 931 0 0.000000 0 -nan 0.000000
2101 932 0 0.000000 0 -nan 0.000000
2102 933 0 0.000000 0 -nan 0.000000
2103 934 0 0.000000 0 -nan 0.000000
2104 935 0 0.000000 0 -nan 0.000000
2110 936 0 0.000000 0 -nan 0.000000
2111 937 0 0.000000 0 -nan 0.000000
2112 938 0 0.000000 0 -nan 0.000000
2113 939 0 0.000000 0 -nan 0.000000
2119 940 0 0.000000 0 -nan 0.000000
2120 941 0 0.000000 0 -nan 0.000000
2121 942 0 0.000000 0 -nan 0.000000
2122 943 0 0.000000 0 -nan 0.000000
2128 944 0 0.000000 0 -nan 0.000000
2129 945 0 0.000000 0 -nan 0.000000
2130 946 0 0.000000 0 -nan 0.000000
2131 947 0 0.000000 0 -nan 0.000000
2137 948 0 0.000000 0 -nan 0.000000
2138 949 0 0.000000 0 -nan 0.000000
2139 950 0 0.000000 0 -nan 0.000000
2140 951 0 0.000000 0 -nan 0.000000
2146 952 0 0.000000 0 -nan 0.000000
2147 953 0 0.000000 0 -nan 0.000000
2148 954 0 0.000000 0 -nan 0.000000
2149 955 0 0.000000 0 -nan 0.000000
2155 956 0 0.000000 0 -nan 0.000000
2156 957 0 0.000000 0 -nan 0.000000
2157 958 0 0.000000 0 -nan 0.000000
2158 959 0 0.000000 0 -nan 0.000000
2164 960 0 0.000000 0 -nan 0.000000
2165 961 0 0.000000 0 -nan 0.000000
2166 962 0 0.000000 0 -nan 0.000000
2167 963 0 0.000000 0 -nan 0.000000
2173 964 0 0.000000 0 -nan 0.000000
2174 965 0 0.000000 0 -nan 0.000000
2175 966 0 0.000000 0 -nan 0.000000
2176 967 0 0.000000 0 -nan 0.000000
2182 968 0 0.000000 0 -nan 0.000000
2183 969 0 0.000000 0 -nan 0.000000
2184 970 0 0.000000 0 -nan 0.000000
2185 971 0 0.000000 0 -nan 0.000000
2191 972 0 0.000000 0 -nan 0.000000
2192 973 0 0.000000 0 -nan 0.000000
2193 974 0 0.000000 0 -nan 0.000000
2194 975 0 0.000000 0 -nan 0.000000
2200 976 0 0.000000 0 -nan 0.000000
2201 977 0 0.000000 0 -nan 0.000000
2202 978 0 0.000000 0 -nan 0.000000
2203 979 0 0.000000 0 -nan 0.000000
2209 980 0 0.000000 0 -nan 0.000000
2210 981 0 0.000000 0 -nan 0.000000
2211 982 0 0.000000 0 -nan 0.000000
2212 983 0 0.000000 0 -nan 0.000000
2218 984 0 0.000000 0 -nan 0.000000
2219 985 0 0.000000 0 -nan 0.000000
2220 986 0 0.000000 0 -nan 0.000000
2221 987 0 0.000000 0 -nan 0.000000
2227 988 0 0.000000 0 -nan 0.000000
2228 989 0 0.000000 0 -nan 0.000000
2229 990 0 0.000000 0 -nan 0.000000
2230 991 0 0.000000 0 -nan 0.000000
2236 992 0 0.000000 0 -nan 0.000000
2237 993 0 0.000000 0 -nan 0.000000
2238 994 0 0.000000 0 -nan 0.000000
2239 995 0 0.000000 0 -nan 0.000000
2245 996 0 0.000000 0 -nan 0.000000
2246 997 0 0.000000 0 -nan 0.000000
2247 998 0 0.000000 0 -nan 0.000000
2248 999 0 0.000000 0 -nan 0.000000
2254 1000 0 0.000000 0 -nan 0.000000
2255 1001 0 0.000000 0 -nan 0.000000
2256 1002 0 0.000000 0 -nan 0.000000
2257 1003 0 0.000000 0 -nan 0.000000
2263 1004 0 0.000000 0 -nan 0.000000
2264 1005 0 0.000000 0 -nan 0.000000
2265 1006 0 0.000000 0 -nan 0.000000
2266 1007 0 0.000000 0 -nan 0.000000
2272 1008 0 0.000000 0 -nan 0.000000
2273 1009 0 0.000000 0 -nan 0.000000
2274 1010 0 0.000000 0 -nan 0.000000
2275 1011 0 0.000000 0 -nan 0.000000
2281 1012 0 0.000000 0 -nan 0.000000
2282 1013 0 0.000000 0 -nan 0.000000
2283 1014 0 0.000000 0 -nan 0.000000
2284 1015 0 0.000000 0 -nan 0.000000
2290 1016 0 0.000000 0 -nan 0.000000
2291 1017 0 0.000000 0 -nan 0.000000
2292 1018 0 0.000000 0 -nan 0.000000
2293 1019 0 0.000000 0 -nan 0.000000
2299 1020 0 0.000000 0 -nan 0.000000
2300 1021 0 0.000000 0 -nan 0.000000
2301 1022 0 0.000000 0 -nan 0.000000
2302 1023 0 0.000000 0 -nan 0.000000
2308 1024 0 0.000000 0 -nan 0.000000
2309 1025 0 0.000000 0 -nan 0.000000
2310 1026 0 0.000000 0 -nan 0.000000
2311 1027 0 0.000000 0 -nan 0.000000
2317 1028 0 0.000000 0 -nan 0.000000
2318 1029 0 0.000000 0 -nan 0.000000
2319 1030 0 0.000000 0 -nan 0.000000
2320 1031 0 0.000000 0 -nan 0.000000
2326 1032 0 0.000000 0 -nan 0.000000
2327 1033 0 0.000000 0 -nan 0.000000
2328 1034 0 0.000000 0 -nan 0.000000
2329 1035 0 0.000000 0 -nan 0.000000
2335 1036 0 0.000000 0 -nan 0.000000
2336 1037 0 0.000000 0 -nan 0.000000
2337 1038 0 0.000000 0 -nan 0.000000
2338 1039 0 0.000000 0 -nan 0.000000
2344 1040 0 0.000000 0 -nan 0.000000
2345 1041 0 0.000000 0 -nan 0.000000
2346 1042 0 0.000000 0 -nan 0.000000
2347 1043 0 0.000000 0 -nan 0.000000
2353 1044 0 0.000000 0 -nan 0.000000
2354 1045 0 0.000000 0 -nan 0.000000
2355 1046 0 0.000000 0 -nan 0.000000
2356 1047 0 0.000000 0 -nan 0.000000
2362 1048 0 0.000000 0 -nan 0.000000
2363 1049 0 0.000000 0 -nan 0.000000
2364 1050 0 0.000000 0 -nan 0.000000
2365 1051 0 0.000000 0 -nan 0.000000
2371 1052 0 0.000000 0 -nan 0.000000
2372 1053 0 0.000000 0 -nan 0.000000
2373 1054 0 0.000000 0 -nan 0.000000
2374 1055 0 0.000000 0 -nan 0.000000
