# Format <LP ID> <Terminal ID> <Total sends> <Total Recvs> <Bytes sent> <Bytes recvd> <Send time> <Comm. time> <Compute time>
 APP 0 RANK 0  0 0 478 478 379712 374336 9768387.390391 9401473.308404 0.000000
 APP 0 RANK 1  1 1 832 832 502384 506272 15947237.252666 9566268.172160 0.000000
 APP 0 RANK 2  2 2 566 566 503792 501008 13348211.021504 9568531.685107 0.000000
 APP 0 RANK 3  3 3 840 840 510816 505344 18149934.588569 9570328.488095 0.000000
 APP 0 RANK 4  9 4 464 464 506304 496032 9070252.984497 9607467.867743 0.000000
 APP 0 RANK 5  10 5 386 386 376528 373792 4882244.710092 9602423.779185 0.000000
 APP 0 RANK 6  11 6 654 654 509232 503040 7864345.066872 9466759.537159 0.000000
 APP 0 RANK 7  12 7 790 790 629648 623648 12533424.281091 9598998.506054 0.000000
 APP 0 RANK 8  18 8 1194 1194 641632 640528 23790404.273530 9573463.760614 0.000000
 APP 0 RANK 9  19 9 1010 1010 628592 629120 17156360.265234 9595995.998617 0.000000
 APP 0 RANK 10  20 10 956 956 630464 627536 20050987.615033 9630513.652934 0.000000
 APP 0 RANK 11  21 11 528 528 502080 502656 13538728.004956 9631556.297319 0.000000
 APP 0 RANK 12  27 12 1026 1026 507040 511216 15431749.348489 9454145.324521 0.000000
 APP 0 RANK 13  28 13 1004 1004 633712 637312 23587893.946606 9617826.708401 0.000000
 APP 0 RANK 14  29 14 1066 1066 637216 633856 19012770.781544 9618424.527193 0.000000
 APP 0 RANK 15  30 15 1042 1042 635520 632544 18469601.053907 9619459.616846 0.000000
 APP 0 RANK 16  36 16 978 978 631728 633312 18968972.323457 9633035.367823 0.000000
 APP 0 RANK 17  37 17 628 628 509008 502912 12772037.254107 9636331.770637 0.000000
 APP 0 RANK 18  38 18 756 756 510544 505744 10582011.912711 9456229.694905 0.000000
 APP 0 RANK 19  39 19 1224 1224 637680 635664 19817070.666092 9626601.652291 0.000000
 APP 0 RANK 20  45 20 1058 1058 637728 632304 16805535.263994 9579662.446343 0.000000
 APP 0 RANK 21  46 21 708 708 633792 628800 15796182.087193 9642644.880196 0.000000
 APP 0 RANK 22  47 22 1132 1132 633472 636928 16559859.141595 9643692.177787 0.000000
 APP 0 RANK 23  48 23 740 740 503136 503376 10489244.093096 9644739.044864 0.000000
 APP 0 RANK 24  54 24 664 664 502160 501872 10052158.999871 9462714.747516 0.000000
 APP 0 RANK 25  55 25 674 674 633744 636432 14773393.827992 9644655.058653 0.000000
 APP 0 RANK 26  56 26 1028 1028 634352 630848 24924293.940337 9647323.867559 0.000000
 APP 0 RANK 27  57 27 1236 1236 639520 637600 26327365.831541 9646753.779461 0.000000
 APP 0 RANK 28  63 28 878 878 636640 630160 16900272.840334 9463828.408115 0.000000
 APP 0 RANK 29  64 29 690 690 509184 505872 11057150.349635 9383828.719256 0.000000
 APP 0 RANK 30  65 30 646 646 382720 379504 3497509.348640 8960538.951543 0.000000
 APP 0 RANK 31  66 31 768 768 502352 507968 10150386.770785 9434127.898608 0.000000
 APP 0 RANK 32  72 32 670 670 502448 501248 19008362.540333 9596350.882916 0.000000
 APP 0 RANK 33  73 33 794 794 508528 506320 15379971.279853 9581511.972655 0.000000
 APP 0 RANK 34  74 34 676 676 505280 507824 17713245.051774 9501752.888334 0.000000
 APP 0 RANK 35  75 35 516 516 376432 378304 11645878.635768 9449476.204520 0.000000
 APP 0 RANK 36  81 36 650 650 506832 500784 25041769.337326 9518373.111532 0.000000
 APP 0 RANK 37  82 37 1008 1008 624176 633488 35288686.523037 9558204.599807 0.000000
 APP 0 RANK 38  83 38 886 886 634528 627184 34084936.418425 9629692.826497 0.000000
 APP 0 RANK 39  84 39 726 726 627344 625760 38061963.442128 9790249.831127 0.000000
 APP 0 RANK 40  90 40 1080 1080 633088 627424 32071620.811905 9808675.083044 0.000000
 APP 0 RANK 41  91 41 804 804 508528 507328 26065700.225168 9642597.123391 0.000000
 APP 0 RANK 42  92 42 996 996 631104 633792 24906463.711083 9550186.190576 0.000000
 APP 0 RANK 43  93 43 1044 1044 757920 762576 39350844.704778 9786016.316656 0.000000
 APP 0 RANK 44  99 44 1010 1010 763248 761664 38175017.934207 9625306.279953 0.000000
 APP 0 RANK 45  100 45 1952 1952 772496 774320 47548425.927295 9709028.934292 0.000000
 APP 0 RANK 46  101 46 998 998 754928 759008 50243978.581427 9959326.633211 0.000000
 APP 0 RANK 47  102 47 1016 1016 634240 635488 37737372.019245 9977874.623708 0.000000
 APP 0 RANK 48  108 48 858 858 633072 629184 29247236.256599 9565154.917015 0.000000
 APP 0 RANK 49  109 49 1852 1852 770576 771728 48958550.743485 9685962.523326 0.000000
 APP 0 RANK 50  110 50 1036 1036 756224 760544 45894298.264572 9951505.672073 0.000000
 APP 0 RANK 51  111 51 1096 1096 759184 767632 49549759.130610 9970054.225348 0.000000
 APP 0 RANK 52  117 52 1508 1508 764976 769008 47805269.004674 9962689.411458 0.000000
 APP 0 RANK 53  118 53 704 704 623760 625344 31059633.037972 9921310.805956 0.000000
 APP 0 RANK 54  119 54 708 708 631088 630992 26117261.265847 9661558.282337 0.000000
 APP 0 RANK 55  120 55 1344 1344 765184 764800 44291801.357860 9677443.448283 0.000000
 APP 0 RANK 56  126 56 1614 1614 762800 774128 41793595.913813 9699225.917447 0.000000
 APP 0 RANK 57  127 57 1642 1642 774336 767760 55049406.002772 10038272.333107 0.000000
 APP 0 RANK 58  128 58 1346 1346 758496 760512 53969612.863016 10101787.384371 0.000000
 APP 0 RANK 59  129 59 1214 1214 640496 637136 44934593.630911 10089332.342916 0.000000
 APP 0 RANK 60  135 60 926 926 635488 636784 29350417.335013 9641107.085002 0.000000
 APP 0 RANK 61  136 61 954 954 760448 760688 45197965.059439 9964461.110449 0.000000
 APP 0 RANK 62  137 62 1460 1460 760976 761840 46970961.449754 10031591.864653 0.000000
 APP 0 RANK 63  138 63 1066 1066 761504 762656 53198125.268643 10087844.005700 0.000000
 APP 0 RANK 64  144 64 1752 1752 771520 770080 53040543.800154 10089705.232357 0.000000
 APP 0 RANK 65  145 65 1130 1130 629584 637984 30705345.114625 10078581.091960 0.000000
 APP 0 RANK 66  146 66 718 718 503712 504912 19181207.797076 9585668.927490 0.000000
 APP 0 RANK 67  147 67 670 670 625856 634496 31037799.565057 10025024.500066 0.000000
 APP 0 RANK 68  153 68 1562 1562 647200 639568 26294284.341591 10043771.892633 0.000000
 APP 0 RANK 69  154 69 780 780 627696 630960 25957261.718670 10091357.314654 0.000000
 APP 0 RANK 70  155 70 884 884 632112 631392 20861796.425416 9780790.084196 0.000000
 APP 0 RANK 71  156 71 704 704 503200 503872 11805318.412546 9752532.305284 0.000000
 APP 0 RANK 72  162 72 848 848 512208 506160 22383555.011934 9461525.251647 0.000000
 APP 0 RANK 73  163 73 1212 1212 630768 630672 32415891.986996 9601780.718270 0.000000
 APP 0 RANK 74  164 74 1194 1194 637120 634864 33969287.732271 9887206.753612 0.000000
 APP 0 RANK 75  165 75 682 682 631424 621872 34038341.973233 9953741.669226 0.000000
 APP 0 RANK 76  171 76 944 944 628368 629616 33274166.993108 9856549.674850 0.000000
 APP 0 RANK 77  172 77 602 602 504448 501568 22219106.805332 9816324.237676 0.000000
 APP 0 RANK 78  173 78 942 942 634640 632528 25772877.778362 9601617.115588 0.000000
 APP 0 RANK 79  174 79 968 968 758752 756064 40432444.427569 9823471.807312 0.000000
 APP 0 RANK 80  180 80 1024 1024 757440 759024 44172474.566128 9674431.548080 0.000000
 APP 0 RANK 81  181 81 1454 1454 762912 764400 46249824.487732 9939488.067445 0.000000
 APP 0 RANK 82  182 82 1544 1544 769936 772144 50172239.133714 10070126.967068 0.000000
 APP 0 RANK 83  183 83 1078 1078 633808 634048 32717875.173190 10058991.574797 0.000000
 APP 0 RANK 84  189 84 1054 1054 632272 636880 30574536.515974 9627009.943677 0.000000
 APP 0 RANK 85  190 85 1702 1702 763456 764992 54499486.338953 10014488.209968 0.000000
 APP 0 RANK 86  191 86 1096 1096 769744 758848 46956493.154106 10013940.745549 0.000000
 APP 0 RANK 87  192 87 1548 1548 765776 767888 48053914.473099 10016921.507927 0.000000
 APP 0 RANK 88  198 88 1014 1014 752480 756128 45587926.179380 10080205.422788 0.000000
 APP 0 RANK 89  199 89 1390 1390 643456 643168 34275770.462376 10108329.320036 0.000000
 APP 0 RANK 90  200 90 1628 1628 639792 643248 39782522.687166 9959592.574532 0.000000
 APP 0 RANK 91  201 91 1666 1666 772480 776464 59138247.981056 10136131.496441 0.000000
 APP 0 RANK 92  207 92 1722 1722 764720 766832 45577031.064705 9743414.463236 0.000000
 APP 0 RANK 93  208 93 1458 1458 764800 769120 45006757.470369 10075721.785208 0.000000
 APP 0 RANK 94  209 94 1538 1538 762832 763408 42256289.888596 10120267.965328 0.000000
 APP 0 RANK 95  210 95 740 740 628560 629424 26783612.321000 10110382.021196 0.000000
 APP 0 RANK 96  216 96 992 992 636784 632080 20022129.166282 9675136.691817 0.000000
 APP 0 RANK 97  217 97 1456 1456 759536 767456 34259390.241440 10128252.783351 0.000000
 APP 0 RANK 98  218 98 1050 1050 757648 756352 40347721.938955 10040375.421060 0.000000
 APP 0 RANK 99  219 99 1584 1584 773504 767936 44237400.266823 10096647.349884 0.000000
 APP 0 RANK 100  225 100 1012 1012 752656 757504 57289887.384694 10115168.593705 0.000000
 APP 0 RANK 101  226 101 1028 1028 637200 636000 43690026.131446 10114098.528097 0.000000
 APP 0 RANK 102  227 102 822 822 504432 505200 18561568.480599 9619863.395654 0.000000
 APP 0 RANK 103  228 103 724 724 630896 630752 31325716.011919 10084923.122878 0.000000
 APP 0 RANK 104  234 104 1170 1170 635392 630928 20112234.598091 9681676.825217 0.000000
 APP 0 RANK 105  235 105 1080 1080 627600 634848 19883860.758623 9649631.147994 0.000000
 APP 0 RANK 106  236 106 1034 1034 628688 630656 20113471.566401 9753261.848686 0.000000
 APP 0 RANK 107  237 107 736 736 504896 505472 14308203.751951 9736519.569958 0.000000
 APP 0 RANK 108  243 108 748 748 505968 506112 18944368.647908 9497685.627973 0.000000
 APP 0 RANK 109  244 109 1266 1266 640096 637120 31713564.257172 9630064.630870 0.000000
 APP 0 RANK 110  245 110 882 882 626944 630880 30549271.844502 9961752.989108 0.000000
 APP 0 RANK 111  246 111 884 884 630400 625072 32169850.263551 10006030.440628 0.000000
 APP 0 RANK 112  252 112 1132 1132 637584 634800 28052541.422670 9890312.018457 0.000000
 APP 0 RANK 113  253 113 496 496 503952 498384 20804264.843845 9853777.195560 0.000000
 APP 0 RANK 114  254 114 668 668 625664 621584 24087519.052235 9564856.715172 0.000000
 APP 0 RANK 115  255 115 1482 1482 762320 770384 40041801.283146 9822772.014127 0.000000
 APP 0 RANK 116  261 116 1732 1732 776432 773456 44286943.903756 9930455.077071 0.000000
 APP 0 RANK 117  262 117 2020 2020 764192 770144 45543847.184332 10030710.676602 0.000000
 APP 0 RANK 118  263 118 1038 1038 756176 758672 37183216.378213 10101555.199584 0.000000
 APP 0 RANK 119  264 119 854 854 633344 631952 30132081.262176 10100149.575962 0.000000
 APP 0 RANK 120  270 120 1318 1318 641840 636224 30154205.647790 9538264.558275 0.000000
 APP 0 RANK 121  271 121 1494 1494 762304 756544 45943721.933514 10058689.636934 0.000000
 APP 0 RANK 122  272 122 1114 1114 760736 755984 48904791.906337 10055417.188608 0.000000
 APP 0 RANK 123  273 123 1504 1504 760528 758992 53460917.353944 10060862.794653 0.000000
 APP 0 RANK 124  279 124 1284 1284 761312 759584 45709046.518937 10118997.240746 0.000000
 APP 0 RANK 125  280 125 962 962 636848 631280 29812719.021330 10127347.935766 0.000000
 APP 0 RANK 126  281 126 772 772 632336 628784 26194624.379839 10060657.381354 0.000000
 APP 0 RANK 127  282 127 1444 1444 766352 761504 48896340.208235 10154308.206128 0.000000
 APP 0 RANK 128  288 128 1086 1086 754992 754464 34380028.899732 10020488.401594 0.000000
 APP 0 RANK 129  289 129 1474 1474 763632 759936 34284861.371675 9987704.897588 0.000000
 APP 0 RANK 130  290 130 1666 1666 765712 766912 36588143.262676 10028060.614661 0.000000
 APP 0 RANK 131  291 131 1270 1270 636032 633968 26879859.406333 9984020.466424 0.000000
 APP 0 RANK 132  297 132 1168 1168 634896 636192 34017621.654894 10057181.914324 0.000000
 APP 0 RANK 133  298 133 1854 1854 761120 771488 54240060.160813 10064676.111341 0.000000
 APP 0 RANK 134  299 134 1530 1530 769872 767184 51056592.541976 9973996.108405 0.000000
 APP 0 RANK 135  300 135 1688 1688 763888 770032 51511485.107191 10049760.345197 0.000000
 APP 0 RANK 136  306 136 1006 1006 760800 759840 39172161.227835 10047374.130867 0.000000
 APP 0 RANK 137  307 137 1182 1182 634784 635504 30815848.652067 10045619.773306 0.000000
 APP 0 RANK 138  308 138 774 774 507168 509328 17682204.147704 9752446.636180 0.000000
 APP 0 RANK 139  309 139 1064 1064 636640 635920 27211155.862357 9966756.161910 0.000000
 APP 0 RANK 140  315 140 676 676 622560 624000 16925190.369549 9718383.925449 0.000000
 APP 0 RANK 141  316 141 1082 1082 628464 633840 18721127.547180 9744539.015189 0.000000
 APP 0 RANK 142  317 142 958 958 630512 629792 18249335.069269 9641501.911022 0.000000
 APP 0 RANK 143  318 143 544 544 503920 504304 12954111.817128 9663357.000337 0.000000
 APP 0 RANK 144  324 144 942 942 510096 503760 19118437.196606 9512062.645288 0.000000
 APP 0 RANK 145  325 145 754 754 622736 619376 27343317.571423 9544096.473598 0.000000
 APP 0 RANK 146  326 146 1178 1178 634096 629584 30508330.215831 9710391.045386 0.000000
 APP 0 RANK 147  327 147 682 682 628752 626448 28197727.419993 9775606.050778 0.000000
 APP 0 RANK 148  333 148 930 930 627856 633328 29189005.297140 9716712.637707 0.000000
 APP 0 RANK 149  334 149 748 748 505344 501600 22377213.357607 9801567.055315 0.000000
 APP 0 RANK 150  335 150 904 904 632336 626816 21796119.630323 9630434.027154 0.000000
 APP 0 RANK 151  336 151 1574 1574 765968 773168 37242670.525684 9826200.481856 0.000000
 APP 0 RANK 152  342 152 1064 1064 754272 764784 39240866.564391 9990681.100710 0.000000
 APP 0 RANK 153  343 153 1022 1022 759280 756832 39166189.367857 10006549.552527 0.000000
 APP 0 RANK 154  344 154 1392 1392 762240 769488 50137889.295929 10048084.652523 0.000000
 APP 0 RANK 155  345 155 732 732 634656 634608 35567544.559122 9917768.730737 0.000000
 APP 0 RANK 156  351 156 1096 1096 634208 637280 24203645.838200 9606383.278743 0.000000
 APP 0 RANK 157  352 157 1082 1082 768768 762288 38769775.972998 9858838.440542 0.000000
 APP 0 RANK 158  353 158 1540 1540 765264 764496 42401466.972380 10076761.598775 0.000000
 APP 0 RANK 159  354 159 1070 1070 763200 758112 44402085.763712 10079448.135288 0.000000
 APP 0 RANK 160  360 160 1070 1070 762960 761328 39907081.998307 10011930.377621 0.000000
 APP 0 RANK 161  361 161 1002 1002 632368 633280 18897762.580285 9778872.156540 0.000000
 APP 0 RANK 162  362 162 736 736 629648 627632 18791237.674349 9587379.249296 0.000000
 APP 0 RANK 163  363 163 972 972 751936 758272 29276489.525209 10058220.274231 0.000000
 APP 0 RANK 164  369 164 1762 1762 769920 774192 58738580.098795 10051334.812457 0.000000
 APP 0 RANK 165  370 165 1684 1684 764032 766672 62280824.813989 9985240.091289 0.000000
 APP 0 RANK 166  371 166 1410 1410 760896 762960 41526074.437376 10044724.892088 0.000000
 APP 0 RANK 167  372 167 948 948 629584 631648 25979827.517677 10012333.376780 0.000000
 APP 0 RANK 168  378 168 954 954 636928 635248 23125390.087843 10081977.396113 0.000000
 APP 0 RANK 169  379 169 1270 1270 764064 762480 37207587.834920 10083020.943983 0.000000
 APP 0 RANK 170  380 170 1506 1506 759744 761376 45836742.817980 10025658.720596 0.000000
 APP 0 RANK 171  381 171 980 980 753952 755872 45803429.331659 10080930.863463 0.000000
 APP 0 RANK 172  387 172 1702 1702 767456 772976 46265373.831386 9937198.276441 0.000000
 APP 0 RANK 173  388 173 846 846 628224 633456 28914038.978747 9957907.179129 0.000000
 APP 0 RANK 174  389 174 644 644 504432 504480 17403908.722928 9543249.055552 0.000000
 APP 0 RANK 175  390 175 898 898 629008 630592 30190094.241160 9838837.209975 0.000000
 APP 0 RANK 176  396 176 1394 1394 646064 640832 18910046.187544 9688656.764607 0.000000
 APP 0 RANK 177  397 177 1448 1448 639376 642640 18769052.433053 9701215.956471 0.000000
 APP 0 RANK 178  398 178 1090 1090 632064 636576 19049296.446657 9694637.248154 0.000000
 APP 0 RANK 179  399 179 964 964 511216 509680 14633145.583555 9656168.270281 0.000000
 APP 0 RANK 180  405 180 654 654 386480 380576 13416563.619408 9393284.266580 0.000000
 APP 0 RANK 181  406 181 654 654 503696 504848 20417670.587128 9526860.743497 0.000000
 APP 0 RANK 182  407 182 734 734 505232 506288 23101375.288112 9572487.433568 0.000000
 APP 0 RANK 183  408 183 1032 1032 513760 510208 21730187.589225 9621635.385442 0.000000
 APP 0 RANK 184  414 184 778 778 507072 502992 22139906.055353 9581590.250130 0.000000
 APP 0 RANK 185  415 185 726 726 379568 380288 14485131.810265 9566034.828674 0.000000
 APP 0 RANK 186  416 186 784 784 508000 504880 19622502.210988 9656119.845738 0.000000
 APP 0 RANK 187  417 187 1380 1380 636608 637856 33357664.172918 9769684.407756 0.000000
 APP 0 RANK 188  423 188 690 690 625216 626992 27956212.069675 10010316.039368 0.000000
 APP 0 RANK 189  424 189 682 682 624640 625600 28962538.145695 9958030.313494 0.000000
 APP 0 RANK 190  425 190 1206 1206 640240 635248 25738014.362589 10070946.159369 0.000000
 APP 0 RANK 191  426 191 728 728 501328 505264 16231072.157663 9655199.528692 0.000000
 APP 0 RANK 192  432 192 722 722 504384 505824 7947595.767226 9342364.744219 0.000000
 APP 0 RANK 193  433 193 1064 1064 630992 636752 15191915.934484 9640408.715713 0.000000
 APP 0 RANK 194  434 194 972 972 633456 631440 15435899.664789 9833393.330221 0.000000
 APP 0 RANK 195  435 195 1156 1156 639328 635680 17536529.012005 9971649.064670 0.000000
 APP 0 RANK 196  441 196 788 788 623344 629008 20486063.906388 9857159.730986 0.000000
 APP 0 RANK 197  442 197 884 884 509120 511712 15821510.194412 9549929.649641 0.000000
 APP 0 RANK 198  443 198 950 950 506496 506832 11086702.378718 9605659.077353 0.000000
 APP 0 RANK 199  444 199 1086 1086 637728 640224 16987930.763027 9796199.563430 0.000000
 APP 0 RANK 200  450 200 1188 1188 639888 638736 16120717.178325 9929975.120068 0.000000
 APP 0 RANK 201  451 201 1102 1102 635808 634752 18464739.343284 9931022.731632 0.000000
 APP 0 RANK 202  452 202 1612 1612 640704 639600 18727922.735722 9808825.650190 0.000000
 APP 0 RANK 203  453 203 694 694 506704 504256 8196687.395023 9703181.978769 0.000000
 APP 0 RANK 204  459 204 934 934 504896 508400 10636688.745132 9492298.592437 0.000000
 APP 0 RANK 205  460 205 896 896 633104 633152 16542536.323300 9719632.685993 0.000000
 APP 0 RANK 206  461 206 1174 1174 626864 633632 21152207.117179 9897099.010655 0.000000
 APP 0 RANK 207  462 207 804 804 630752 631856 20090518.749830 9899645.317961 0.000000
 APP 0 RANK 208  468 208 970 970 635776 635968 20065834.689114 9919608.691907 0.000000
 APP 0 RANK 209  469 209 606 606 507216 505296 13300217.017510 9911066.677820 0.000000
 APP 0 RANK 210  470 210 464 464 377376 377184 7286510.503855 9477264.919534 0.000000
 APP 0 RANK 211  471 211 736 736 501488 503840 11816556.739074 9892987.775810 0.000000
 APP 0 RANK 212  477 212 866 866 503504 507824 7992403.520512 9451949.139246 0.000000
 APP 0 RANK 213  478 213 776 776 501200 504656 7795252.796822 9478111.740194 0.000000
 APP 0 RANK 214  479 214 576 576 500176 504832 7541621.589070 9477160.654074 0.000000
 APP 0 RANK 215  480 215 468 468 375408 379872 4906408.319223 9458124.473576 0.000000
 APP 1 RANK 0  486 216 1144 1144 3045248 3045248 37407354.166351 24165056.508954 0.000000
 APP 1 RANK 1  487 217 988 988 3023776 3023776 33667047.952826 23175906.120268 0.000000
 APP 1 RANK 2  488 218 988 988 3023776 3023776 31278063.457443 21534495.242129 0.000000
 APP 1 RANK 3  489 219 988 988 3023776 3023776 31772527.848714 22746302.911775 0.000000
 APP 1 RANK 4  495 220 1144 1144 3045248 3045248 27760311.086416 14042657.541491 0.000000
 APP 1 RANK 5  496 221 988 988 3023776 3023776 23529782.851414 12409520.385289 0.000000
 APP 1 RANK 6  497 222 988 988 3023776 3023776 20332610.312711 11597480.759145 0.000000
 APP 1 RANK 7  498 223 988 988 3023776 3023776 22070618.326230 12994228.286353 0.000000
 APP 1 RANK 8  504 224 1144 1144 3045248 3045248 43041975.175696 21358079.911983 0.000000
 APP 1 RANK 9  505 225 728 728 2991360 2991360 43136178.422356 21437362.656440 0.000000
 APP 1 RANK 10  506 226 728 728 2991360 2991360 40652193.760044 22592930.233107 0.000000
 APP 1 RANK 11  507 227 728 728 2991360 2991360 43515730.830618 22068184.247044 0.000000
 APP 1 RANK 12  513 228 728 728 2991360 2991360 41078434.051874 24424972.687732 0.000000
 APP 1 RANK 13  514 229 728 728 2991360 2991360 45689082.474219 23030295.046292 0.000000
 APP 1 RANK 14  515 230 988 988 3023776 3023776 56721534.596762 22383397.151457 0.000000
 APP 1 RANK 15  516 231 728 728 2991360 2991360 33399301.995779 18069473.606104 0.000000
 APP 1 RANK 16  522 232 988 988 3023776 3023776 47606538.968774 21408193.717306 0.000000
 APP 1 RANK 17  523 233 728 728 2991360 2991360 39122379.755083 17761063.078304 0.000000
 APP 1 RANK 18  524 234 728 728 2991360 2991360 38097872.621343 20542601.042705 0.000000
 APP 1 RANK 19  525 235 988 988 3023776 3023776 35819087.722869 18492959.020544 0.000000
 APP 1 RANK 20  531 236 988 988 3023776 3023776 40940218.614556 20697366.836823 0.000000
 APP 1 RANK 21  532 237 728 728 2991360 2991360 40896133.282629 19366136.324988 0.000000
 APP 1 RANK 22  533 238 988 988 3023776 3023776 41296561.148989 19799152.179065 0.000000
 APP 1 RANK 23  534 239 988 988 3023776 3023776 39374669.577145 18847726.170972 0.000000
 APP 1 RANK 24  540 240 1144 1144 3045248 3045248 67111267.353166 23014879.275582 0.000000
 APP 1 RANK 25  541 241 988 988 3023776 3023776 60367004.818948 27064503.679332 0.000000
 APP 1 RANK 26  542 242 988 988 3023776 3023776 67408644.529234 26492289.215433 0.000000
 APP 1 RANK 27  543 243 988 988 3023776 3023776 51190486.229731 28292730.723129 0.000000
 APP 1 RANK 28  549 244 1144 1144 3045248 3045248 57427899.238844 27414629.638847 0.000000
 APP 1 RANK 29  550 245 728 728 2991360 2991360 54034538.869014 24761626.397867 0.000000
 APP 1 RANK 30  551 246 728 728 2991360 2991360 49943293.113221 25195671.786087 0.000000
 APP 1 RANK 31  552 247 728 728 2991360 2991360 54956017.303991 24325576.814850 0.000000
 APP 1 RANK 32  558 248 728 728 2991360 2991360 55900773.840069 22845766.065098 0.000000
 APP 1 RANK 33  559 249 728 728 2991360 2991360 47143614.241386 24241476.619018 0.000000
 APP 1 RANK 34  560 250 988 988 3023776 3023776 60137057.211473 23575769.577461 0.000000
 APP 1 RANK 35  561 251 728 728 2991360 2991360 58104489.335511 24641862.728876 0.000000
 APP 1 RANK 36  567 252 988 988 3023776 3023776 64650980.595595 25773579.852461 0.000000
 APP 1 RANK 37  568 253 728 728 2991360 2991360 37476703.609077 13249017.602094 0.000000
 APP 1 RANK 38  569 254 728 728 2991360 2991360 48382591.768827 25735659.851898 0.000000
 APP 1 RANK 39  570 255 988 988 3023776 3023776 43541399.251521 22476756.698842 0.000000
 APP 1 RANK 40  576 256 988 988 3023776 3023776 49132982.477188 26155311.957016 0.000000
 APP 1 RANK 41  577 257 728 728 2991360 2991360 46228320.724534 26001179.550049 0.000000
 APP 1 RANK 42  578 258 988 988 3023776 3023776 48433919.023538 25779782.396159 0.000000
 APP 1 RANK 43  579 259 988 988 3023776 3023776 45432481.376887 11005086.131481 0.000000
 APP 1 RANK 44  585 260 1144 1144 3045248 3045248 44809552.261627 15226839.486886 0.000000
 APP 1 RANK 45  586 261 728 728 2991360 2991360 31750508.219813 14018409.108474 0.000000
 APP 1 RANK 46  587 262 728 728 2991360 2991360 33194666.847813 12386739.503327 0.000000
 APP 1 RANK 47  588 263 728 728 2991360 2991360 35430574.176293 16966534.247288 0.000000
 APP 1 RANK 48  594 264 728 728 2991360 2991360 56323057.681398 30815702.956275 0.000000
 APP 1 RANK 49  595 265 728 728 2991360 2991360 60591451.547463 30968786.589120 0.000000
 APP 1 RANK 50  596 266 988 988 3023776 3023776 61489231.330003 30258752.153466 0.000000
 APP 1 RANK 51  597 267 728 728 2991360 2991360 61354480.957703 27858290.404045 0.000000
 APP 1 RANK 52  603 268 988 988 3023776 3023776 62861624.382154 28462762.184174 0.000000
 APP 1 RANK 53  604 269 728 728 2991360 2991360 48665547.475363 29619925.941310 0.000000
 APP 1 RANK 54  605 270 728 728 2991360 2991360 48549558.516627 19524812.276061 0.000000
 APP 1 RANK 55  606 271 988 988 3023776 3023776 49242390.622799 23326146.294201 0.000000
 APP 1 RANK 56  612 272 988 988 3023776 3023776 44231895.916533 13916873.691495 0.000000
 APP 1 RANK 57  613 273 728 728 2991360 2991360 34130019.800739 13978753.074640 0.000000
 APP 1 RANK 58  614 274 988 988 3023776 3023776 44629715.125836 14413109.489217 0.000000
 APP 1 RANK 59  615 275 988 988 3023776 3023776 40222602.205918 12012998.721381 0.000000
 APP 1 RANK 60  621 276 1144 1144 3045248 3045248 45679589.084424 23267927.717370 0.000000
 APP 1 RANK 61  622 277 312 312 2947584 2947584 30739496.386808 22734246.966475 0.000000
 APP 1 RANK 62  623 278 312 312 2947584 2947584 29618831.826995 23250025.585894 0.000000
 APP 1 RANK 63  624 279 312 312 2947584 2947584 27594642.760465 19807181.448218 0.000000
 APP 1 RANK 64  630 280 312 312 2947584 2947584 34279728.469149 26160587.507379 0.000000
 APP 1 RANK 65  631 281 312 312 2947584 2947584 36102075.845253 28162767.975765 0.000000
 APP 1 RANK 66  632 282 312 312 2947584 2947584 40149075.380806 29890290.401493 0.000000
 APP 1 RANK 67  633 283 312 312 2947584 2947584 36525057.453805 28523203.847015 0.000000
 APP 1 RANK 68  639 284 312 312 2947584 2947584 40463803.555183 31403596.754261 0.000000
 APP 1 RANK 69  640 285 312 312 2947584 2947584 33956824.806810 26081320.225490 0.000000
 APP 1 RANK 70  641 286 728 728 2991360 2991360 46258737.640348 32696240.892518 0.000000
 APP 1 RANK 71  642 287 312 312 2947584 2947584 44110187.290966 32233734.110088 0.000000
 APP 1 RANK 72  648 288 728 728 2991360 2991360 47144071.699405 28088372.291560 0.000000
 APP 1 RANK 73  649 289 312 312 2947584 2947584 31705455.690818 24444315.269504 0.000000
 APP 1 RANK 74  650 290 728 728 2991360 2991360 47560817.718041 24567510.038586 0.000000
 APP 1 RANK 75  651 291 312 312 2947584 2947584 28747290.377007 22625108.555614 0.000000
 APP 1 RANK 76  657 292 728 728 2991360 2991360 53004498.631603 32533746.140772 0.000000
 APP 1 RANK 77  658 293 312 312 2947584 2947584 41033944.845030 31485210.547175 0.000000
 APP 1 RANK 78  659 294 312 312 2947584 2947584 38036520.776275 27999637.068114 0.000000
 APP 1 RANK 79  660 295 728 728 2991360 2991360 43402069.410066 28543791.751817 0.000000
 APP 1 RANK 80  666 296 728 728 2991360 2991360 33408348.938283 13658160.552950 0.000000
 APP 1 RANK 81  667 297 312 312 2947584 2947584 42236327.661502 29502127.985977 0.000000
 APP 1 RANK 82  668 298 312 312 2947584 2947584 33623437.193263 24439090.861360 0.000000
 APP 1 RANK 83  669 299 728 728 2991360 2991360 41796051.535301 26159353.743307 0.000000
 APP 1 RANK 84  675 300 728 728 2991360 2991360 43717447.012773 14722662.118754 0.000000
 APP 1 RANK 85  676 301 312 312 2947584 2947584 29462936.390433 21620751.132650 0.000000
 APP 1 RANK 86  677 302 728 728 2991360 2991360 55808921.377882 23763379.491969 0.000000
 APP 1 RANK 87  678 303 728 728 2991360 2991360 37311578.104676 16793239.518436 0.000000
 APP 1 RANK 88  684 304 988 988 3023776 3023776 52220967.758138 21060586.835933 0.000000
 APP 1 RANK 89  685 305 312 312 2947584 2947584 18088580.993739 14202686.379930 0.000000
 APP 1 RANK 90  686 306 728 728 2991360 2991360 64034130.349094 17702231.516028 0.000000
 APP 1 RANK 91  687 307 728 728 2991360 2991360 40923416.546721 12463981.030918 0.000000
 APP 1 RANK 92  693 308 988 988 3023776 3023776 99077283.082861 30000218.149214 0.000000
 APP 1 RANK 93  694 309 312 312 2947584 2947584 39109894.608406 32435370.321646 0.000000
 APP 1 RANK 94  695 310 312 312 2947584 2947584 40062020.847676 29707058.329979 0.000000
 APP 1 RANK 95  696 311 312 312 2947584 2947584 42826629.530565 32321877.365444 0.000000
 APP 1 RANK 96  702 312 312 312 2947584 2947584 39647992.012214 28662853.743704 0.000000
 APP 1 RANK 97  703 313 728 728 2991360 2991360 43283768.291751 28428416.243011 0.000000
 APP 1 RANK 98  704 314 728 728 2991360 2991360 45387753.733137 28890719.713869 0.000000
 APP 1 RANK 99  705 315 728 728 2991360 2991360 43591629.412118 29013595.266376 0.000000
 APP 1 RANK 100  711 316 728 728 2991360 2991360 31359169.927156 14618567.482456 0.000000
 APP 1 RANK 101  712 317 312 312 2947584 2947584 33919387.712995 25009501.056773 0.000000
 APP 1 RANK 102  713 318 728 728 2991360 2991360 63378130.429226 28917807.022089 0.000000
 APP 1 RANK 103  714 319 312 312 2947584 2947584 26186554.660815 19102534.206205 0.000000
 APP 1 RANK 104  720 320 728 728 2991360 2991360 35220736.847196 20827915.742899 0.000000
 APP 1 RANK 105  721 321 728 728 2991360 2991360 32719212.370529 20109952.901680 0.000000
 APP 1 RANK 106  722 322 988 988 3023776 3023776 33687778.407511 20411636.830136 0.000000
 APP 1 RANK 107  723 323 728 728 2991360 2991360 35699592.728867 20149445.665053 0.000000
 APP 1 RANK 108  729 324 988 988 3023776 3023776 37690692.506876 16208579.611580 0.000000
 APP 1 RANK 109  730 325 312 312 2947584 2947584 21323476.164332 15270383.040262 0.000000
 APP 1 RANK 110  731 326 312 312 2947584 2947584 15813729.208955 12092185.733413 0.000000
 APP 1 RANK 111  732 327 728 728 2991360 2991360 35955022.044355 15773410.542954 0.000000
 APP 1 RANK 112  738 328 728 728 2991360 2991360 38658016.228035 16755855.313455 0.000000
 APP 1 RANK 113  739 329 728 728 2991360 2991360 31552003.559128 16965113.707386 0.000000
 APP 1 RANK 114  740 330 728 728 2991360 2991360 41250292.491629 15501063.711697 0.000000
 APP 1 RANK 115  741 331 988 988 3023776 3023776 39270568.448261 16935086.448227 0.000000
 APP 1 RANK 116  747 332 988 988 3023776 3023776 37313876.541528 12323309.346870 0.000000
 APP 1 RANK 117  748 333 312 312 2947584 2947584 20648260.808443 15537013.128184 0.000000
 APP 1 RANK 118  749 334 728 728 2991360 2991360 36593058.607193 16841658.237521 0.000000
 APP 1 RANK 119  750 335 728 728 2991360 2991360 36070115.371629 16475942.262680 0.000000
 APP 1 RANK 120  756 336 988 988 3023776 3023776 47969906.407057 15678653.624114 0.000000
 APP 1 RANK 121  757 337 728 728 2991360 2991360 25950486.117990 12989975.528187 0.000000
 APP 1 RANK 122  758 338 988 988 3023776 3023776 40806912.467739 13805900.548323 0.000000
 APP 1 RANK 123  759 339 988 988 3023776 3023776 39219197.135674 13555355.250968 0.000000
 APP 1 RANK 124  765 340 1144 1144 3045248 3045248 37157520.113715 12640937.652342 0.000000
 APP 2 RANK 0  766 341 28000 28000 32064632 32064632 114594991.573336 325357250.787675 0.000000
 APP 2 RANK 1  767 342 28000 28000 38753880 38753880 147220990.262242 325354321.706374 0.000000
 APP 2 RANK 2  768 343 28000 28000 38747532 38747532 128410028.873766 325355193.707940 0.000000
 APP 2 RANK 3  774 344 28000 24000 32501596 32493596 128355838.756507 325358170.990976 0.000000
 APP 2 RANK 4  775 345 28000 32000 39170140 39178140 139228551.289971 325356214.770734 0.000000
 APP 2 RANK 5  776 346 28000 24000 33759788 33751788 131638471.407943 325359663.832027 0.000000
 APP 2 RANK 6  777 347 24000 24000 27933140 27933140 105334018.879306 325353583.364332 0.000000
 APP 2 RANK 7  783 348 28000 32000 39588272 39596272 162140008.932239 325358108.281238 0.000000
 APP 2 RANK 8  784 349 28000 24000 32924208 32916208 152322183.945193 325361735.761182 0.000000
 APP 2 RANK 9  785 350 24000 28000 32912828 32920828 105964453.272734 325350903.692790 0.000000
 APP 2 RANK 10  786 351 28000 28000 36667572 36667572 162635542.398579 325369603.370232 0.000000
 APP 2 RANK 11  792 352 28000 24000 32918660 32910660 141320081.226259 325372935.606866 0.000000
 APP 2 RANK 12  793 353 24000 24000 29573788 29573788 119726666.586943 325360822.807438 0.000000
 APP 2 RANK 13  794 354 28000 32000 40403528 40411528 125867976.736343 325357603.428519 0.000000
 APP 2 RANK 14  795 355 28000 24000 32512728 32504728 142734056.011173 325361258.465366 0.000000
 APP 2 RANK 15  801 356 24000 28000 32515708 32523708 118667016.972564 325350127.489722 0.000000
 APP 2 RANK 16  802 357 28000 28000 36259468 36259468 154388440.970286 325357935.789625 0.000000
 APP 2 RANK 17  803 358 28000 24000 32512832 32504832 154333204.458587 325361729.378172 0.000000
 APP 2 RANK 18  804 359 24000 28000 33333032 33341032 102073205.165905 325350329.006533 0.000000
 APP 2 RANK 19  810 360 28000 28000 36672956 36672956 120809619.192733 325360996.141214 0.000000
 APP 2 RANK 20  811 361 28000 24000 32510664 32502664 140699805.344229 325364503.704892 0.000000
 APP 2 RANK 21  812 362 24000 28000 32493036 32501036 105167667.950108 325353608.973391 0.000000
 APP 2 RANK 22  813 363 28000 28000 36248328 36248328 135077773.423340 325361304.741381 0.000000
 APP 2 RANK 23  819 364 28000 24000 32512220 32504220 148907006.251176 325364888.543819 0.000000
 APP 2 RANK 24  820 365 24000 28000 34574828 34582828 123331362.464539 325353214.808550 0.000000
 APP 2 RANK 25  821 366 28000 28000 32086876 32086876 183361505.244964 325374763.747350 0.000000
 APP 2 RANK 26  822 367 28000 28000 38747032 38747032 196608038.185759 325371354.243146 0.000000
 APP 2 RANK 27  828 368 28000 28000 38731736 38731736 190137765.056050 325372250.697160 0.000000
 APP 2 RANK 28  829 369 28000 24000 32499384 32491384 162916373.140890 325375181.744644 0.000000
 APP 2 RANK 29  830 370 28000 32000 39165636 39173636 200844670.272446 325371786.816348 0.000000
 APP 2 RANK 30  831 371 28000 24000 33762344 33754344 187149409.530002 325375244.558439 0.000000
 APP 2 RANK 31  837 372 24000 24000 27919224 27919224 181001370.449185 325368778.835515 0.000000
 APP 2 RANK 32  838 373 28000 32000 39589368 39597368 150682330.382923 325376574.847107 0.000000
 APP 2 RANK 33  839 374 28000 24000 32931868 32923868 134941703.153942 325380293.192661 0.000000
 APP 2 RANK 34  840 375 24000 28000 32917724 32925724 121250196.997858 325369284.810709 0.000000
 APP 2 RANK 35  846 376 28000 28000 36670540 36670540 150256540.876077 325381404.731354 0.000000
 APP 2 RANK 36  847 377 28000 24000 32926448 32918448 125840654.594653 325384716.504980 0.000000
 APP 2 RANK 37  848 378 24000 24000 29578180 29578180 100200706.634196 325373283.654916 0.000000
 APP 2 RANK 38  849 379 28000 32000 40395288 40403288 238568879.015010 325380648.041605 0.000000
 APP 2 RANK 39  855 380 28000 24000 32509204 32501204 205996503.371464 325384280.549253 0.000000
 APP 2 RANK 40  856 381 24000 28000 32489604 32497604 166674964.923051 325373050.233727 0.000000
 APP 2 RANK 41  857 382 28000 28000 36249024 36249024 217140290.023422 325382224.899447 0.000000
 APP 2 RANK 42  858 383 28000 24000 32512212 32504212 198587277.931332 325385548.998838 0.000000
 APP 2 RANK 43  864 384 24000 28000 33330416 33338416 260756867.327785 325374733.413384 0.000000
 APP 2 RANK 44  865 385 28000 28000 36664632 36664632 191424861.646643 325382996.441686 0.000000
 APP 2 RANK 45  866 386 28000 24000 32512460 32504460 220074781.902102 325386566.710992 0.000000
 APP 2 RANK 46  867 387 24000 28000 32504656 32512656 206247595.683837 325375856.953275 0.000000
 APP 2 RANK 47  873 388 28000 28000 36240660 36240660 241717114.595337 325382636.770966 0.000000
 APP 2 RANK 48  874 389 28000 24000 32497448 32489448 250088696.189238 325386142.968571 0.000000
 APP 2 RANK 49  875 390 24000 28000 34559788 34567788 226058440.969098 325374566.717017 0.000000
 APP 2 RANK 50  876 391 28000 28000 32073480 32073480 114312942.421168 325388737.025492 0.000000
 APP 2 RANK 51  882 392 28000 28000 38736336 38736336 169079935.758141 325386471.817480 0.000000
 APP 2 RANK 52  883 393 28000 28000 38740296 38740296 140365740.618192 325386115.455316 0.000000
 APP 2 RANK 53  884 394 28000 24000 32496240 32488240 124576200.587394 325388766.709939 0.000000
 APP 2 RANK 54  885 395 28000 32000 39172064 39180064 133692021.000995 325382827.170395 0.000000
 APP 2 RANK 55  891 396 28000 24000 33734884 33726884 117056559.741104 325386286.796508 0.000000
 APP 2 RANK 56  892 397 24000 24000 27921168 27921168 84140531.644912 325376091.540719 0.000000
 APP 2 RANK 57  893 398 28000 32000 39571236 39579236 272158548.526537 325382583.173417 0.000000
 APP 2 RANK 58  894 399 28000 24000 32913348 32905348 251444221.944495 325386148.127301 0.000000
 APP 2 RANK 59  900 400 24000 28000 32901292 32909292 211059291.360812 325374582.963396 0.000000
 APP 2 RANK 60  901 401 28000 28000 36652636 36652636 372806263.854577 325383266.372313 0.000000
 APP 2 RANK 61  902 402 28000 24000 32903816 32895816 377347796.427495 325386906.933554 0.000000
 APP 2 RANK 62  903 403 24000 24000 29578936 29578936 198084447.071876 325374914.224142 0.000000
 APP 2 RANK 63  909 404 28000 32000 40420396 40428396 264505868.166808 325380080.485108 0.000000
 APP 2 RANK 64  910 405 28000 24000 32511148 32503148 374187578.943364 325383405.622597 0.000000
 APP 2 RANK 65  911 406 24000 28000 32486276 32494276 114353737.038780 325372559.032402 0.000000
 APP 2 RANK 66  912 407 28000 28000 36263460 36263460 317695076.410381 325381966.380843 0.000000
 APP 2 RANK 67  918 408 28000 24000 32516192 32508192 354435946.669102 325385521.245371 0.000000
 APP 2 RANK 68  919 409 24000 28000 33328608 33336608 235898522.499571 325373477.608328 0.000000
 APP 2 RANK 69  920 410 28000 28000 36652080 36652080 291717084.977827 325386459.982675 0.000000
 APP 2 RANK 70  921 411 28000 24000 32513128 32505128 417754880.617036 325390049.688037 0.000000
 APP 2 RANK 71  927 412 24000 28000 32502492 32510492 271638239.427267 325378888.792423 0.000000
 APP 2 RANK 72  928 413 28000 28000 36243032 36243032 377867905.319489 325385776.874435 0.000000
 APP 2 RANK 73  929 414 28000 24000 32513740 32505740 435497789.003097 325389234.799209 0.000000
 APP 2 RANK 74  930 415 24000 28000 34580544 34588544 269255038.821868 325377971.355246 0.000000
 APP 2 RANK 75  936 416 28000 28000 32073304 32073304 356769518.148204 325391594.769175 0.000000
 APP 2 RANK 76  937 417 28000 28000 38745076 38745076 245637452.711451 325389002.109901 0.000000
 APP 2 RANK 77  938 418 28000 28000 38745084 38745084 262994496.154213 325388276.776703 0.000000
 APP 2 RANK 78  939 419 28000 24000 32506812 32498812 361776962.312472 325390879.101613 0.000000
 APP 2 RANK 79  945 420 28000 32000 39157496 39165496 220882455.008627 325382302.423843 0.000000
 APP 2 RANK 80  946 421 28000 24000 33753704 33745704 292287738.165880 325385873.192454 0.000000
 APP 2 RANK 81  947 422 24000 24000 27913272 27913272 123957007.757239 325377270.174789 0.000000
 APP 2 RANK 82  948 423 28000 32000 39590796 39598796 240395778.849482 325385136.595124 0.000000
 APP 2 RANK 83  954 424 28000 24000 32925712 32917712 273768170.730460 325388524.885657 0.000000
 APP 2 RANK 84  955 425 24000 28000 32915360 32923360 137536436.915742 325376880.588280 0.000000
 APP 2 RANK 85  956 426 28000 28000 36667220 36667220 215020956.617544 325385925.322024 0.000000
 APP 2 RANK 86  957 427 28000 24000 32913384 32905384 297291717.357499 325389645.176470 0.000000
 APP 2 RANK 87  963 428 24000 24000 29579992 29579992 105646729.360396 325377105.004526 0.000000
 APP 2 RANK 88  964 429 28000 32000 40408496 40416496 181297649.561023 325380997.457675 0.000000
 APP 2 RANK 89  965 430 28000 24000 32501152 32493152 236071514.446074 325384850.413340 0.000000
 APP 2 RANK 90  966 431 24000 28000 32488836 32496836 162891606.546595 325373819.062448 0.000000
 APP 2 RANK 91  972 432 28000 28000 36249616 36249616 234488929.410091 325386014.151032 0.000000
 APP 2 RANK 92  973 433 28000 24000 32511208 32503208 260901051.864689 325389531.309097 0.000000
 APP 2 RANK 93  974 434 24000 28000 33332156 33340156 107246713.963637 325377808.249450 0.000000
 APP 2 RANK 94  975 435 28000 28000 36649744 36649744 186967063.671115 325381009.822032 0.000000
 APP 2 RANK 95  981 436 28000 24000 32494248 32486248 243762911.973290 325384325.125690 0.000000
 APP 2 RANK 96  982 437 24000 28000 32497608 32505608 136030052.710755 325373361.382441 0.000000
 APP 2 RANK 97  983 438 28000 28000 36236440 36236440 175312947.150451 325382458.128605 0.000000
 APP 2 RANK 98  984 439 28000 24000 32480632 32472632 250626738.068292 325385792.451654 0.000000
 APP 2 RANK 99  990 440 24000 28000 34541172 34549172 116642232.947343 325374827.205341 0.000000